bacia_piratini_180.asc
ncols         634
nrows         494
xllcorner     0
yllcorner     -90
cellsize      180
NODATA_value  -9999
[rows 135 to 179 of 494, columns 96 to 191 of 634]
411 416 423 422 406 393 380 364 347 358 374 388 379 390 379 335 330 351 376 390 402 396 395 384 377 384 369 364 357 355 378 404 414 415 408 412 414 406 409 413 413 407 408 405 375 377 369 368 368 361 361 363 371 352 349 344 348 356 339 338 341 335 329 318 311 311 316 311 319 336 347 351 358 336 316 310 320 319 337 332 339 322 310 310 313 295 294 297 277 275 271 274 265 266 265 261
406 413 419 429 414 409 403 382 350 365 383 402 396 386 381 341 327 348 375 388 392 392 399 398 398 391 387 376 364 353 378 392 405 410 399 414 412 403 402 405 408 405 386 391 380 386 387 382 365 366 359 360 357 351 356 353 362 361 354 347 337 341 348 343 321 332 325 330 330 353 368 361 353 332 321 326 328 321 338 333 324 306 318 325 305 286 290 292 272 266 261 260 266 273 291 281
398 404 419 425 408 392 392 395 356 377 400 409 393 376 371 367 341 338 353 385 374 373 388 392 400 399 394 393 373 361 374 389 383 396 396 407 410 402 397 396 393 389 384 384 387 388 390 380 380 374 357 364 353 357 360 368 374 369 362 363 363 381 380 344 340 345 341 335 345 357 375 384 365 351 340 345 335 339 323 319 310 290 289 282 274 284 286 280 284 265 263 263 262 259 276 262
389 401 415 424 413 395 384 371 360 373 385 400 394 389 377 357 335 345 338 349 357 369 380 386 383 384 382 386 388 375 366 374 398 406 405 414 413 407 408 405 394 392 397 392 396 396 387 378 384 380 360 358 357 359 369 378 382 373 374 400 391 395 381 357 347 356 356 353 357 379 389 380 360 346 332 338 344 353 334 329 341 299 291 279 266 273 280 272 272 266 263 274 282 272 258 257
388 394 404 420 424 410 394 378 361 377 385 395 399 393 385 374 338 350 335 352 355 352 361 374 371 367 371 379 389 395 376 387 405 410 417 420 418 414 407 398 398 398 404 403 404 396 386 392 391 394 375 366 369 375 371 373 390 391 396 397 403 382 377 360 366 372 360 365 377 392 377 362 348 334 321 326 335 324 321 316 311 310 297 271 273 267 266 266 264 266 265 279 287 272 262 266
402 409 415 426 426 405 380 371 363 375 394 398 398 386 374 361 338 354 349 345 367 373 366 360 364 370 380 385 400 401 403 406 399 412 419 421 429 422 408 400 407 411 411 412 407 407 397 399 400 388 381 383 392 392 387 377 391 411 413 410 403 378 375 364 377 390 382 383 383 392 365 349 338 331 325 324 316 313 303 300 310 303 281 271 272 271 266 266 266 281 270 268 280 271 273 273
399 410 418 429 424 395 386 372 364 381 387 395 408 413 385 365 361 371 370 359 371 381 375 373 374 374 383 388 397 408 407 416 413 419 445 435 421 424 416 410 418 417 420 418 413 416 411 410 403 393 390 393 387 399 396 384 402 413 418 421 406 399 402 382 384 396 378 376 369 359 343 339 333 331 323 322 315 313 297 289 288 275 271 269 284 280 275 279 281 282 271 267 281 279 285 288
389 395 417 439 423 404 387 370 372 395 400 402 415 404 384 371 349 377 396 371 368 379 385 383 385 390 389 403 399 417 423 436 440 449 452 424 415 419 421 423 423 426 428 423 419 408 409 405 392 391 387 384 377 400 405 396 405 423 426 427 412 411 403 397 391 385 369 361 356 346 341 343 337 328 313 304 319 324 284 294 284 284 271 268 281 289 278 292 289 284 271 280 292 291 291 298
379 388 414 429 431 398 387 379 378 398 413 432 422 397 385 376 359 388 406 372 365 369 378 384 404 408 404 414 420 431 441 452 461 442 431 410 410 417 428 434 425 428 426 420 415 412 403 399 390 383 377 376 375 397 406 400 409 419 421 415 407 396 398 391 368 376 382 367 359 355 354 350 344 328 323 293 299 296 284 275 276 276 277 282 281 293 290 298 300 295 277 292 314 310 311 319
384 393 418 433 431 418 399 388 395 411 440 444 428 407 394 376 359 397 410 378 369 377 385 395 407 418 424 439 450 450 450 450 445 429 409 399 409 413 414 417 409 412 427 425 424 419 413 410 411 406 390 378 365 386 401 376 379 388 393 407 404 381 374 378 364 367 372 372 349 345 346 358 336 326 323 292 286 279 282 276 301 297 282 294 302 301 296 301 311 290 286 309 321 342 328 334
395 387 413 421 429 434 417 407 398 439 454 454 428 411 397 367 367 398 413 390 374 375 387 407 419 425 438 449 459 454 450 441 439 421 409 395 413 405 396 403 402 408 423 416 417 425 419 415 406 403 395 377 365 367 374 363 369 360 381 388 387 362 375 371 364 355 354 370 349 335 330 348 322 314 314 297 303 304 295 281 289 285 299 289 294 304 315 306 301 289 289 312 322 333 355 351
401 397 401 412 422 428 426 418 407 428 455 449 436 411 382 376 365 404 404 389 382 370 377 386 404 417 436 445 444 436 433 430 424 416 406 387 397 391 383 385 399 415 420 409 414 425 411 391 384 386 383 376 355 367 360 350 348 358 358 366 374 353 362 359 354 360 340 356 334 326 326 333 327 328 317 340 323 324 315 295 280 286 296 308 300 313 311 312 307 286 303 323 324 339 355 346
408 420 406 408 416 421 433 433 424 431 453 449 435 410 398 382 368 416 406 390 389 377 380 391 419 426 433 439 434 421 418 408 409 410 400 381 375 375 382 387 397 408 401 411 405 404 396 385 367 364 363 362 350 343 345 340 342 360 365 363 357 353 343 353 348 346 345 353 332 320 313 321 322 332 326 328 325 336 326 287 282 293 294 311 317 328 334 321 318 310 295 304 329 339 342 340
424 427 416 411 411 416 432 433 424 424 453 454 443 430 407 385 381 403 406 397 395 385 390 400 407 431 441 445 440 427 427 414 411 393 392 382 396 376 364 370 388 392 382 399 387 382 385 360 359 351 354 365 358 350 334 338 343 344 353 348 341 346 335 346 343 333 337 344 339 334 313 310 330 342 330 305 316 333 318 281 292 298 314 328 332 351 335 335 331 319 305 307 311 318 327 327
417 424 420 417 419 423 425 435 429 430 450 455 443 435 403 387 398 405 406 414 412 392 392 410 415 424 435 441 442 433 429 422 406 396 389 405 400 380 363 373 376 383 374 379 372 352 345 343 337 340 349 349 344 331 332 334 342 331 332 334 337 347 330 338 338 329 337 342 346 322 315 307 317 338 321 297 306 316 306 283 285 291 313 328 349 353 344 335 323 306 307 324 316 328 335 333
416 417 423 427 430 429 432 436 440 446 443 455 455 434 399 385 416 414 412 419 419 405 399 411 418 424 435 441 442 430 422 414 402 401 402 409 405 397 369 362 358 360 350 354 343 345 352 340 340 339 335 345 354 333 334 325 325 323 327 326 332 339 340 326 325 328 329 330 333 316 314 314 310 323 296 289 293 295 284 286 294 292 302 326 335 341 348 339 323 310 323 334 322 318 335 334
406 412 424 438 431 431 433 433 438 445 451 453 454 436 404 390 422 422 422 428 432 417 403 414 412 426 438 442 434 424 425 417 414 408 411 401 390 380 363 360 355 349 348 345 347 348 354 350 352 343 337 343 342 333 330 326 333 330 324 321 325 327 333 322 324 325 324 323 318 328 316 323 310 318 304 297 287 284 293 311 315 303 308 313 334 350 355 346 326 316 317 342 334 327 328 337
412 420 422 435 429 425 423 427 438 439 439 449 442 431 403 397 410 424 431 433 426 412 411 426 423 426 438 430 425 415 414 406 401 395 400 380 367 369 361 355 350 351 352 354 347 352 357 360 365 363 344 334 331 328 341 324 334 327 325 322 321 320 323 321 325 321 320 319 318 317 320 327 313 315 311 296 287 294 319 330 326 308 324 332 339 363 366 341 325 320 339 348 341 340 338 348
443 443 435 436 429 422 419 423 429 428 430 444 441 433 424 407 403 430 441 441 426 418 433 436 437 445 442 425 407 399 396 389 384 380 380 379 378 357 359 360 353 353 354 371 362 362 358 366 364 374 351 345 346 351 337 331 342 335 323 326 325 325 327 330 329 328 321 326 338 331 340 329 307 304 322 306 287 311 336 354 332 328 340 349 354 370 371 349 328 329 342 363 345 351 350 359
451 462 460 446 436 424 429 432 438 436 435 446 451 436 424 405 417 427 447 437 440 434 435 428 434 437 432 421 402 390 384 383 378 369 366 364 358 362 370 367 368 363 374 373 368 374 373 368 372 370 365 361 354 339 337 332 342 345 329 338 341 345 342 347 337 321 324 336 357 346 347 324 311 305 318 303 291 327 337 349 349 337 357 366 371 386 370 356 341 337 350 363 349 353 351 341
440 439 435 429 426 414 430 455 463 451 452 447 436 434 433 411 415 435 444 443 441 437 419 415 427 425 422 422 406 391 387 391 375 371 367 369 372 365 370 380 375 381 380 377 377 382 361 358 355 362 354 361 352 343 326 325 338 336 331 341 347 363 357 346 326 333 331 355 368 361 360 339 327 314 324 297 294 306 321 336 350 348 362 376 387 381 365 357 356 355 363 366 358 348 349 322
423 428 416 402 409 403 426 424 450 462 466 459 449 458 440 417 416 429 432 435 427 428 421 408 411 409 402 395 388 384 382 378 374 379 388 387 385 370 375 393 390 392 391 393 390 380 361 356 348 350 351 351 348 337 328 334 337 351 339 341 357 363 346 330 325 335 339 355 372 364 369 363 354 339 320 294 303 302 325 335 332 352 357 376 388 378 370 375 372 367 355 361 342 336 351 315
421 415 411 403 397 405 412 416 430 449 460 466 462 454 442 431 431 435 437 427 421 417 415 403 408 395 401 393 392 398 392 388 377 386 390 400 389 376 384 391 397 388 384 380 372 366 363 354 349 341 348 340 337 337 329 334 344 350 356 346 363 377 366 346 341 349 358 366 374 387 379 374 344 335 309 295 310 308 312 328 346 351 364 372 386 385 377 363 356 350 333 346 335 326 336 335
423 413 391 388 391 409 416 419 425 428 439 453 456 455 451 446 443 440 436 427 430 421 415 415 410 407 407 404 404 407 400 388 386 393 403 406 404 387 392 398 389 377 370 365 362 354 362 357 347 337 337 335 333 335 330 330 334 348 359 365 369 370 364 351 361 366 387 385 405 407 366 352 337 326 297 303 314 321 323 329 336 353 356 368 386 382 359 348 349 327 317 322 332 320 312 310
407 391 387 393 390 399 403 411 418 415 419 434 450 451 445 448 455 446 443 440 432 422 417 422 416 415 418 409 408 409 400 397 396 404 412 411 403 405 404 391 381 372 369 363 363 356 355 349 340 341 340 338 340 338 341 351 344 348 357 369 379 383 365 350 361 372 392 418 417 381 360 349 332 312 302 301 313 320 338 336 343 358 362 372 385 368 363 341 326 307 302 311 323 321 318 308
396 379 381 399 393 399 403 403 414 421 428 440 447 440 437 438 444 454 449 445 441 440 430 430 425 428 425 417 420 419 409 407 409 415 421 423 427 429 405 397 388 376 369 362 357 354 354 348 342 337 339 340 343 346 352 356 351 359 359 371 389 375 368 356 360 375 381 397 398 382 380 333 317 321 307 306 310 316 340 345 346 356 374 392 401 390 378 370 352 324 311 294 303 298 299 298
389 378 385 395 399 403 413 423 429 433 438 430 437 431 419 434 448 453 458 450 444 445 443 439 431 428 426 427 423 414 413 413 414 412 409 430 435 431 421 415 408 390 372 363 353 345 340 340 343 343 340 346 345 358 365 363 371 374 358 375 386 376 369 365 358 375 393 393 380 379 362 319 325 336 303 302 309 319 333 344 350 356 375 400 408 386 366 346 346 323 309 294 286 293 271 264
378 379 401 405 414 418 421 436 440 423 413 428 436 414 436 441 456 468 447 440 428 431 430 426 422 418 412 416 415 410 402 404 401 398 411 422 421 417 418 412 404 394 378 366 355 342 342 341 345 343 350 354 353 365 377 374 377 378 366 381 375 374 367 356 354 375 374 385 363 361 334 324 339 330 316 319 323 332 346 351 363 345 353 376 387 377 350 341 316 312 314 291 281 262 261 251
376 382 391 402 410 420 426 433 423 418 409 422 423 424 437 440 451 454 442 434 424 419 417 412 412 409 404 405 402 400 394 401 396 391 392 408 414 404 405 391 387 387 375 371 363 352 346 349 352 346 351 361 369 384 383 383 388 388 379 395 370 361 355 356 364 368 357 366 350 331 331 346 349 332 317 323 329 335 351 356 373 355 322 361 377 367 348 327 329 294 287 278 279 277 282 259
375 389 399 401 408 412 423 425 422 396 402 408 408 416 427 431 442 452 449 449 433 421 417 415 408 403 404 396 394 392 388 393 391 384 383 389 389 392 401 391 383 366 356 362 352 348 349 358 354 354 357 369 373 391 390 386 395 402 401 398 380 369 355 363 374 358 349 345 336 334 360 346 354 331 329 322 341 349 349 368 379 357 316 340 346 332 355 336 312 309 300 299 297 286 274 260
372 388 411 413 414 420 416 406 421 395 407 417 420 428 430 440 444 453 449 441 429 431 423 417 408 405 413 404 397 399 396 387 388 383 381 379 383 376 383 380 379 364 353 348 347 356 354 367 366 351 362 373 383 398 400 404 408 414 414 393 386 365 358 366 378 368 357 355 338 341 361 371 352 342 331 325 333 347 352 374 372 353 312 311 298 300 329 343 328 305 296 298 294 276 259 250
384 386 406 420 421 420 414 407 395 395 414 421 429 439 445 447 449 445 446 446 437 436 433 423 408 417 413 410 413 410 406 416 402 394 380 380 378 372 367 358 355 353 369 367 353 367 362 371 366 353 359 368 388 399 402 408 417 413 409 382 369 363 362 368 380 375 372 362 347 354 369 383 358 352 343 330 334 335 354 363 345 332 325 305 303 289 304 309 305 290 289 289 286 280 248 246
389 399 406 423 434 435 409 385 392 404 423 433 434 448 447 445 438 446 446 447 440 434 425 418 414 417 418 418 424 420 421 424 411 393 380 386 386 388 376 357 359 373 381 376 358 374 377 387 374 354 361 362 375 385 393 402 409 407 390 381 363 367 370 373 382 388 388 377 354 365 383 378 353 352 345 342 346 349 358 368 351 349 347 324 313 298 274 271 269 267 287 269 266 254 250 248
384 403 408 418 431 428 399 388 402 399 424 439 438 442 442 433 430 437 439 447 439 431 424 419 424 431 430 419 428 426 420 419 403 402 382 390 399 389 374 359 367 383 394 371 367 375 382 385 377 362 373 375 371 382 391 400 412 394 385 381 369 373 370 377 389 394 379 369 352 367 380 368 363 365 362 351 355 362 366 369 364 369 364 341 321 298 295 278 275 260 264 269 253 250 248 257
399 397 401 398 416 410 393 392 410 412 414 421 432 444 438 428 421 422 446 449 444 430 432 430 430 437 432 429 424 417 410 410 396 386 384 392 403 392 393 373 391 392 394 374 375 380 396 388 371 361 379 391 383 393 408 422 418 410 379 374 377 382 371 383 390 385 373 364 356 371 377 368 366 372 364 357 357 365 355 359 359 351 358 339 315 295 303 289 274 269 255 254 254 257 264 267
380 388 380 378 385 401 377 402 414 425 424 432 436 442 432 422 417 425 444 453 442 440 440 432 439 438 436 429 423 420 410 402 392 391 391 397 411 421 407 388 405 409 395 378 382 393 398 386 367 369 387 398 407 414 424 421 408 395 376 385 391 386 378 383 398 382 371 360 364 380 377 368 376 364 355 338 342 349 340 332 332 349 363 332 307 319 310 292 288 294 281 254 254 264 280 261
366 382 383 369 377 375 384 396 405 421 432 440 434 426 423 416 418 426 439 445 445 445 444 442 443 434 435 432 423 409 406 403 400 412 405 399 427 420 411 392 409 412 403 384 398 404 393 380 373 390 406 427 421 428 421 407 400 394 380 398 406 395 381 396 403 383 371 363 374 388 381 372 374 365 353 341 333 332 321 322 324 338 351 335 330 323 316 313 303 294 274 256 259 263 288 271
367 380 393 370 388 386 396 400 413 427 427 437 423 413 414 415 419 425 437 440 438 435 439 440 438 439 430 424 417 414 409 414 410 410 420 409 423 415 408 409 418 424 401 396 417 421 404 385 381 388 405 429 438 434 426 413 396 390 392 407 412 401 387 397 400 382 373 371 384 396 383 372 364 355 340 332 325 316 300 303 322 335 345 326 320 333 343 301 280 287 267 263 271 284 299 278
369 386 365 367 386 398 411 413 426 431 421 417 407 393 403 421 425 426 438 439 433 427 429 432 431 431 438 432 428 420 418 423 420 418 428 420 427 417 416 419 425 422 412 405 429 430 417 388 385 400 403 429 440 440 436 421 398 386 396 410 412 402 391 402 403 394 378 378 391 396 387 381 370 350 343 345 336 326 299 294 305 316 331 304 329 331 338 292 265 260 260 273 276 291 307 289
363 376 362 382 396 392 402 424 428 414 408 405 392 388 403 410 432 430 438 434 427 424 418 420 422 423 439 437 432 421 423 426 430 430 430 428 430 425 426 431 435 437 437 422 430 420 404 395 400 407 412 427 424 426 434 421 400 392 402 412 412 400 398 409 405 392 382 383 396 397 391 378 366 354 353 347 335 305 292 293 288 293 308 294 321 307 289 265 282 276 267 293 294 291 307 298
353 353 358 374 408 417 414 413 415 400 397 388 374 380 392 398 415 421 434 429 425 422 414 412 415 423 437 452 434 429 427 431 440 437 434 435 428 416 413 422 425 428 433 436 427 415 405 401 408 412 424 420 416 411 408 403 395 400 410 418 412 403 408 410 409 399 389 391 401 403 391 382 366 335 331 334 332 297 296 305 300 288 287 280 283 277 274 289 302 287 271 292 305 307 305 315
349 354 376 385 407 418 409 393 395 381 393 368 379 391 389 397 406 415 422 415 414 418 406 413 424 429 432 434 433 435 438 439 442 435 434 426 421 410 407 413 415 426 434 434 418 412 406 408 416 420 425 424 420 417 412 408 399 410 419 420 411 410 411 420 418 405 393 400 404 404 394 386 363 347 338 329 309 298 308 305 312 287 289 297 279 283 278 289 301 299 274 287 293 314 323 331
345 360 370 394 400 407 404 383 361 361 363 362 382 395 410 419 416 425 416 409 406 406 402 417 423 423 425 425 423 424 429 440 434 433 428 424 420 406 401 406 411 423 432 432 425 420 418 412 421 429 431 428 431 426 423 413 409 412 421 421 419 417 417 420 419 413 401 404 405 397 384 367 354 345 342 334 322 305 315 322 325 306 300 306 290 284 282 283 292 300 279 288 308 317 342 329
361 351 375 379 373 388 381 365 357 366 373 378 381 400 408 411 428 423 417 407 399 401 404 410 414 423 423 413 416 416 431 431 429 424 419 423 419 410 397 397 410 422 425 437 436 430 428 429 435 433 436 436 435 434 431 420 418 423 426 426 428 426 420 409 402 400 404 401 402 391 378 373 358 344 341 330 324 301 317 333 330 306 288 299 287 284 295 287 288 299 301 291 310 328 336 338
342 365 374 366 366 367 358 352 370 388 387 388 388 388 401 410 419 418 409 398 397 400 408 415 416 425 419 406 410 420 429 423 422 424 414 411 410 407 394 395 405 411 428 435 437 432 430 431 431 436 439 435 428 434 429 432 430 429 426 428 426 414 405 390 382 387 399 390 378 375 369 364 345 332 332 327 317 318 328 340 338 302 288 293 301 287 296 287 287 295 307 302 297 304 306 324
