bacia_piratini_180.asc
ncols         634
nrows         494
xllcorner     0
yllcorner     -90
cellsize      180
NODATA_value  -9999
[rows 45 to 89 of 494, columns 480 to 575 of 634]
418 415 413 416 420 424 417 428 436 429 420 426 429 448 456 451 458 466 459 466 446 414 435 434 430 421 395 394 376 379 379 368 358 345 339 333 335 337 368 385 367 338 331 339 362 365 352 361 354 358 372 363 366 356 348 359 379 370 392 375 374 354 367 383 404 410 357 341 328 333 334 331 345 371 363 382 377 365 362 370 383 401 392 411 369 347 341 315 282 293 313 345 324 317 332 335
417 419 415 411 427 433 423 432 438 432 428 440 427 436 444 445 453 466 481 475 451 433 435 444 438 417 404 390 375 389 385 373 358 341 345 333 328 345 371 382 366 344 332 319 349 339 352 359 367 351 365 357 361 350 343 377 368 387 397 368 365 352 346 360 381 394 354 348 343 338 343 354 361 389 389 382 370 369 363 380 411 403 380 359 337 327 320 292 276 296 312 322 287 307 309 297
427 422 419 414 433 436 430 432 443 447 451 449 429 432 435 448 458 459 488 468 440 431 418 417 413 415 386 388 390 403 401 373 356 344 348 340 328 335 350 362 336 323 314 313 326 344 351 365 358 358 344 343 354 358 346 346 355 366 365 352 363 360 334 347 354 352 346 363 353 353 356 356 363 362 352 328 305 336 360 403 405 348 342 330 315 302 282 280 273 285 295 291 273 276 280 293
433 433 425 423 435 431 436 458 463 468 461 445 440 434 445 459 461 450 461 442 434 432 416 407 409 401 397 424 414 410 383 365 364 352 364 357 338 325 326 339 311 302 301 312 337 336 346 365 361 351 339 340 340 342 337 332 341 349 352 347 351 354 337 333 346 336 344 346 340 343 329 352 339 339 320 299 328 360 397 392 356 333 325 318 306 303 292 282 264 283 282 265 276 289 297 276
434 433 433 432 437 440 441 463 465 472 478 456 449 448 459 454 456 445 450 432 426 421 417 402 407 410 417 429 425 411 372 381 383 381 383 373 366 319 320 332 307 302 314 320 327 335 337 354 361 358 347 330 348 363 326 327 339 339 346 349 339 341 329 329 331 331 345 347 335 323 313 283 291 276 278 300 336 373 351 331 328 332 319 304 289 282 274 271 264 279 262 262 287 291 284 271
433 430 442 450 430 438 455 463 472 477 484 468 460 460 459 443 439 436 436 415 415 412 405 398 404 411 436 437 423 394 393 391 409 404 393 379 349 312 324 325 307 301 326 337 339 358 342 361 351 350 341 331 333 343 329 308 333 337 338 343 332 328 315 323 325 334 343 369 366 343 292 271 271 276 254 312 363 363 293 295 309 316 311 303 286 277 267 264 259 270 256 259 275 278 278 286
434 436 428 422 436 459 459 464 469 475 490 456 452 460 467 451 434 423 428 415 401 402 402 396 402 412 430 418 392 389 421 430 417 408 370 357 338 319 316 298 293 302 323 346 354 373 375 358 347 337 326 325 314 323 312 313 333 332 346 348 331 333 315 316 317 330 330 324 315 306 278 287 286 305 262 263 296 288 286 293 284 305 292 291 290 280 277 269 258 265 255 248 263 261 268 280
432 423 420 422 448 461 454 455 460 477 475 453 442 438 478 464 437 417 409 413 407 398 392 391 400 404 411 407 415 424 420 430 429 425 409 390 374 338 306 316 302 297 315 351 364 389 386 359 341 324 313 315 310 293 323 336 328 333 335 337 328 322 307 313 321 321 330 315 322 317 324 325 325 338 277 255 254 251 269 270 289 304 279 275 283 290 282 265 259 256 249 244 248 266 271 281
429 420 416 415 436 437 432 440 457 464 456 456 431 415 427 455 437 427 414 406 397 383 393 395 403 407 412 421 425 412 409 424 417 426 387 367 362 326 317 307 299 297 315 332 358 366 351 353 320 323 288 290 303 307 320 334 327 326 321 320 325 310 310 324 326 329 331 340 341 328 317 311 313 309 275 257 250 233 278 291 294 286 270 262 284 292 288 274 267 260 253 240 247 262 274 273
422 419 422 407 418 429 436 443 453 466 463 455 434 395 425 450 432 411 409 402 399 384 381 395 398 401 401 404 407 413 398 391 378 384 387 385 366 337 311 308 305 295 303 321 327 348 330 331 324 318 286 282 298 308 319 326 334 321 317 314 310 307 308 318 321 320 324 339 332 313 317 302 280 265 268 257 250 238 249 253 253 245 257 275 291 286 278 263 261 254 253 238 252 258 283 279
424 441 424 407 412 434 436 434 467 470 469 478 460 405 425 439 420 402 408 397 393 382 385 393 394 394 400 394 413 399 369 376 384 378 363 364 342 330 320 323 315 299 292 305 317 330 314 303 311 295 279 282 290 297 310 317 326 330 322 321 316 309 308 310 317 321 328 341 332 311 297 298 267 250 252 275 272 242 231 237 255 275 265 268 287 283 266 262 256 244 262 239 239 256 268 288
441 435 416 407 416 413 431 436 463 465 451 465 442 396 412 417 395 389 409 390 388 376 384 394 385 380 377 374 383 367 364 396 386 361 319 312 316 317 318 322 325 308 292 302 316 315 299 300 302 293 278 286 301 295 312 323 335 331 328 325 318 320 305 309 322 328 330 344 333 316 305 287 281 278 246 263 244 257 221 240 239 245 267 289 293 281 273 269 255 243 253 242 244 276 296 306
442 418 407 397 407 423 435 451 458 447 445 457 417 384 395 387 374 398 403 383 374 380 384 389 385 373 361 360 368 357 361 338 324 319 304 304 296 292 301 313 325 304 288 296 308 305 294 297 290 286 280 286 299 316 320 326 325 327 318 313 311 304 305 306 316 333 334 348 349 318 304 299 293 267 246 242 227 241 224 237 250 260 278 299 286 275 269 264 257 239 252 240 249 293 290 307
429 416 397 417 431 440 446 454 453 443 435 453 448 410 375 370 380 396 402 378 365 382 380 382 371 359 343 334 340 334 326 325 319 311 318 308 288 288 300 300 311 308 297 307 307 295 289 274 283 275 289 298 305 319 331 339 342 326 327 323 311 304 302 315 322 336 343 340 332 318 309 283 275 231 227 223 219 219 227 247 277 284 272 285 280 255 286 255 243 236 261 249 247 263 252 261
397 420 395 418 424 425 428 431 455 445 421 439 429 378 359 366 381 396 396 374 377 381 380 374 362 343 345 349 339 327 330 340 332 328 316 302 295 291 286 289 290 290 291 303 296 288 275 270 272 282 295 302 302 325 337 346 347 330 332 319 308 300 306 312 323 333 335 323 325 309 293 260 240 243 258 232 219 219 223 262 277 269 241 241 259 278 279 257 252 245 274 261 252 245 242 250
362 385 387 396 413 437 453 467 471 438 414 412 384 362 368 379 381 374 357 358 370 378 381 367 348 353 370 359 347 344 351 364 353 341 321 308 299 297 291 288 284 279 287 291 281 271 269 269 278 292 299 290 299 305 314 319 325 330 323 314 307 302 309 312 320 329 325 307 313 317 299 287 272 273 280 249 235 209 210 248 252 235 229 266 294 288 281 259 242 241 282 310 291 234 246 255
350 360 390 411 405 453 436 448 449 414 404 371 352 375 372 382 380 365 354 373 378 388 380 377 370 370 384 368 386 360 370 377 353 353 337 317 298 286 298 296 292 278 273 279 269 278 267 268 268 274 274 293 302 291 300 308 326 328 317 326 309 300 303 310 315 321 322 314 287 296 307 301 285 295 286 258 240 202 206 235 218 232 246 280 298 309 293 278 252 242 329 339 305 260 225 267
335 334 349 364 392 415 395 386 393 367 370 372 361 356 367 382 385 363 355 384 393 404 406 395 389 395 418 409 395 380 368 368 347 335 328 308 306 297 305 306 298 295 270 273 275 280 268 267 266 274 292 309 309 312 312 322 324 323 326 317 310 301 300 308 313 303 310 317 285 282 302 292 268 278 272 247 217 201 205 219 227 253 267 288 308 317 307 281 289 234 297 281 238 226 207 268
324 329 355 359 351 342 343 342 354 361 370 369 348 343 360 376 367 363 353 372 409 406 412 403 416 421 436 427 419 391 367 365 346 329 319 322 314 316 317 312 306 298 275 268 274 278 264 267 273 276 280 299 307 318 329 338 344 333 325 321 316 302 304 307 311 295 302 301 293 270 276 284 268 255 257 230 203 202 195 204 231 233 258 271 275 264 295 280 245 193 210 204 193 187 187 211
330 346 349 342 333 328 349 371 378 377 383 372 369 346 358 370 357 351 386 365 393 408 414 403 421 430 417 407 408 375 361 350 340 331 329 334 327 326 323 311 297 289 281 270 269 265 264 267 268 280 292 296 305 315 329 328 337 339 328 324 322 303 301 303 299 286 294 293 288 271 258 266 253 248 248 224 211 204 216 192 195 194 213 225 257 288 304 249 212 194 196 192 194 175 181 190
332 346 331 324 324 338 366 378 386 386 378 372 370 349 353 362 347 360 379 372 386 402 409 397 408 402 399 385 382 369 356 344 346 340 345 349 346 339 326 312 291 281 272 273 268 270 262 266 268 282 294 316 327 313 317 316 330 342 328 326 325 307 299 304 308 285 273 286 291 279 268 256 240 238 228 216 211 212 236 216 201 188 212 235 242 260 271 240 219 214 220 225 202 175 185 206
331 333 324 320 332 336 376 378 367 366 353 368 366 346 341 346 357 377 387 399 394 396 390 397 398 388 370 365 351 352 345 345 358 364 347 342 351 324 327 295 286 272 273 278 276 269 263 268 266 279 299 317 324 318 304 315 338 349 336 337 333 322 301 297 299 300 294 268 281 284 271 260 254 237 221 224 214 224 246 249 222 187 215 197 219 234 227 202 189 186 196 214 181 171 183 207
317 317 313 324 332 350 373 367 346 343 356 363 346 339 334 352 364 384 386 395 380 384 387 386 397 377 377 365 371 352 334 337 343 343 327 320 320 321 317 293 280 274 285 291 276 266 262 264 263 263 290 295 299 303 299 305 315 328 343 331 328 309 297 298 301 296 294 278 266 283 288 288 264 233 250 244 243 223 244 245 218 190 197 187 194 200 180 171 169 174 168 186 179 172 201 218
300 304 310 333 339 358 372 357 337 326 342 337 327 332 364 372 376 395 385 379 381 376 380 366 356 378 386 390 388 356 338 328 339 334 321 306 303 293 291 282 277 280 287 289 272 265 270 269 273 264 269 281 287 289 306 294 298 303 328 321 307 295 297 303 309 289 277 267 259 270 273 278 263 245 250 240 245 241 246 247 216 200 209 191 176 179 174 177 168 172 172 167 170 175 183 207
304 308 316 333 351 368 366 363 346 320 323 326 337 337 368 374 376 401 398 387 369 369 373 355 347 386 405 394 390 351 338 328 331 343 341 316 314 307 298 283 281 282 293 281 271 273 283 285 278 265 261 273 289 296 306 295 291 296 322 322 320 302 302 317 313 302 266 255 263 283 288 283 277 267 262 248 250 252 254 251 247 221 215 194 178 179 178 172 176 184 177 166 174 172 183 193
303 316 332 342 369 366 353 349 330 324 328 334 345 356 371 394 397 400 383 379 370 369 381 371 350 369 369 363 378 337 332 322 331 335 339 337 312 315 293 290 296 293 298 285 272 281 286 289 275 262 266 285 294 312 291 288 296 294 307 305 335 319 292 284 300 272 251 262 283 298 296 305 300 300 292 282 274 259 248 239 239 241 229 209 211 195 196 174 183 190 180 173 163 164 166 172
322 323 334 356 356 337 339 333 326 321 328 335 341 357 402 412 408 383 378 370 357 347 344 347 346 333 339 350 347 326 316 315 330 338 343 328 312 302 297 301 314 299 307 283 278 284 301 293 281 264 261 287 318 304 288 288 277 291 294 279 297 313 278 275 277 259 272 296 303 315 317 301 305 316 312 304 283 244 243 250 225 233 221 206 183 181 176 179 190 200 197 195 180 164 166 162
324 349 355 339 337 319 322 318 318 324 342 345 341 351 361 371 384 382 384 384 381 380 373 370 363 333 336 333 333 309 308 319 322 337 343 342 320 313 313 326 311 312 300 300 291 297 306 287 273 270 261 276 286 271 292 264 259 288 289 283 274 299 262 255 257 244 273 273 284 320 339 309 286 310 320 302 283 263 246 236 219 208 205 195 197 189 191 193 208 210 211 203 174 162 163 158
338 347 338 324 326 314 316 316 321 343 357 360 358 351 362 371 387 390 407 399 399 409 382 367 348 326 325 335 307 311 315 314 320 330 334 347 336 328 323 329 323 318 306 291 295 310 307 286 281 279 269 261 251 274 269 262 265 299 294 283 276 266 273 249 247 250 260 283 303 324 342 324 285 295 302 281 288 267 264 233 216 213 202 204 196 211 208 230 223 206 184 178 180 176 162 162
333 331 322 307 314 316 322 318 327 347 351 357 364 369 373 384 403 413 391 407 418 396 365 359 346 331 321 314 299 306 328 334 330 332 342 347 342 330 312 320 329 316 298 291 322 324 318 310 299 296 292 268 254 245 245 252 272 299 279 277 273 257 246 243 243 240 246 274 294 302 294 282 275 290 279 267 270 244 239 237 240 207 215 240 196 222 211 239 223 200 220 208 188 180 163 161
317 317 307 313 311 320 337 331 333 329 342 363 374 384 384 397 412 409 388 394 377 367 357 360 373 372 335 304 298 309 314 319 329 330 338 342 328 322 309 305 324 316 302 304 334 338 343 332 332 333 309 282 271 276 273 257 245 251 263 260 263 264 249 249 240 242 248 251 261 263 268 276 277 265 265 256 270 272 257 253 238 223 234 246 210 225 240 245 218 220 216 192 171 167 157 161
299 304 307 313 316 324 333 349 349 344 343 365 388 389 394 392 409 385 373 369 361 365 362 358 350 346 325 292 295 295 303 302 324 333 334 335 315 316 301 306 324 321 318 332 339 351 343 335 338 342 323 323 332 290 279 253 259 249 249 249 251 257 259 251 238 239 253 253 266 282 282 288 280 251 244 242 259 259 262 233 225 245 259 232 207 237 253 252 234 208 194 197 177 162 162 176
291 296 299 307 316 320 343 342 351 356 361 366 370 381 392 381 373 371 370 369 370 372 362 376 378 343 306 291 293 287 287 288 293 319 331 319 301 319 295 299 314 310 319 336 334 349 338 330 305 318 295 302 296 286 281 256 268 258 248 239 248 253 266 256 240 239 255 269 272 276 273 274 273 273 249 243 263 249 264 244 246 240 258 244 219 239 246 253 212 214 210 210 180 165 169 187
306 302 302 324 341 326 333 333 341 353 364 389 384 391 386 383 391 390 370 378 383 376 390 389 383 331 310 310 298 302 292 285 285 312 318 311 302 311 289 297 300 307 315 324 327 319 320 322 297 290 278 273 279 285 287 271 269 259 244 243 247 259 271 255 245 238 252 264 268 272 279 264 259 260 252 229 244 250 260 265 262 247 262 253 232 234 249 252 220 238 232 204 178 170 172 201
319 316 315 322 336 342 337 344 347 346 358 366 375 396 400 394 393 387 384 390 390 391 402 395 375 325 320 316 311 307 306 285 286 318 298 291 285 304 286 280 287 300 307 317 319 308 300 307 300 294 300 285 275 270 273 271 275 260 243 242 242 259 263 249 235 239 252 255 260 271 273 261 247 245 229 227 236 240 257 258 259 264 267 260 265 260 253 256 248 222 208 196 181 172 187 207
333 343 342 337 336 340 347 353 361 359 356 375 383 399 400 405 400 394 390 404 419 419 394 362 329 312 317 317 315 305 296 290 285 299 281 271 291 293 279 277 287 319 318 320 324 305 300 302 311 307 302 294 275 271 268 258 257 253 247 242 245 261 251 245 234 237 245 252 259 271 270 250 240 235 236 223 241 253 261 237 244 258 268 280 270 275 266 264 241 231 222 204 176 173 198 214
361 357 353 349 333 340 350 366 372 371 362 371 395 402 406 397 400 406 387 406 396 386 371 359 338 301 308 304 305 300 296 288 283 281 278 283 281 274 275 277 282 303 306 318 323 314 320 314 328 321 310 289 288 277 272 266 257 259 255 258 245 243 249 248 239 233 246 262 259 269 263 259 258 257 223 231 241 247 238 237 258 288 281 278 278 263 262 267 239 210 210 187 189 184 212 201
340 369 374 350 340 346 353 362 370 377 381 381 393 399 382 377 384 389 365 372 367 369 381 368 325 285 285 294 299 295 300 290 288 282 275 268 264 270 278 286 294 310 322 326 330 323 328 324 330 316 300 296 290 278 280 277 260 270 264 268 267 249 241 236 236 235 240 254 267 270 277 281 264 257 227 219 225 230 231 245 254 264 269 268 270 257 261 253 241 208 192 198 202 203 211 209
334 344 344 350 354 369 362 363 381 385 380 384 397 410 392 366 374 351 343 358 348 351 361 354 286 279 274 289 276 277 284 290 292 291 281 269 268 266 288 293 316 333 317 325 326 331 321 327 325 313 302 320 289 286 294 278 271 279 294 293 269 251 243 240 233 235 246 260 274 285 289 287 262 247 229 211 210 227 231 246 247 249 258 265 253 254 263 251 224 211 198 207 232 221 230 205
332 331 343 362 357 369 366 382 380 370 368 372 391 398 395 361 364 361 337 323 334 337 339 295 287 292 287 272 266 267 269 287 294 296 279 273 264 263 281 290 300 304 303 328 314 315 322 339 324 316 322 334 325 300 291 276 283 300 301 297 267 253 255 261 243 235 245 268 284 291 314 298 275 251 219 209 213 213 233 243 251 245 252 247 241 255 269 251 248 221 216 246 267 235 242 218
322 327 364 370 375 377 385 380 382 372 369 377 395 385 371 363 341 347 347 315 322 327 318 290 298 298 292 297 280 274 266 277 286 293 288 272 263 265 272 284 280 286 296 300 316 315 286 316 306 322 334 338 352 343 289 286 308 329 314 292 271 265 281 291 277 236 239 250 281 292 313 281 248 248 233 206 205 219 233 240 248 242 234 233 239 250 266 273 241 225 252 296 316 250 232 246
333 349 361 368 376 394 375 367 365 353 356 367 372 382 366 357 332 318 319 311 324 297 298 300 306 308 302 295 282 272 264 267 270 283 291 270 263 259 257 279 264 272 285 293 302 289 286 292 309 329 349 349 373 330 307 301 331 336 324 300 283 275 294 291 269 245 229 220 273 277 278 255 242 246 218 208 211 221 234 249 252 229 229 239 250 253 277 279 275 270 298 323 318 249 256 260
339 368 373 379 387 392 353 341 344 335 342 338 343 344 336 341 347 328 312 315 300 308 304 318 300 298 290 279 275 265 263 261 267 281 292 287 272 265 256 273 261 261 287 279 291 271 274 280 296 330 336 338 338 316 315 320 321 324 339 321 296 291 286 276 246 229 214 228 234 260 243 227 216 224 213 202 206 207 239 264 251 226 239 248 255 275 281 293 301 305 337 327 294 274 299 290
347 355 366 371 360 364 353 324 319 309 318 329 305 306 326 331 337 327 326 332 321 314 318 306 291 282 278 268 268 272 280 259 262 279 291 275 286 273 266 257 253 258 263 273 279 263 281 300 307 320 315 307 311 331 331 310 299 293 298 305 282 282 281 259 224 213 210 212 229 227 204 204 203 205 202 205 205 224 211 224 221 223 247 258 251 268 279 295 316 335 314 299 272 276 269 251
347 355 367 345 347 339 335 317 298 301 324 312 307 309 323 313 318 342 337 330 327 327 323 312 285 277 276 283 284 286 284 261 263 278 280 279 281 282 269 257 254 268 259 270 284 258 293 301 313 296 302 290 302 315 322 308 305 281 275 279 282 261 264 250 233 226 213 210 213 216 212 209 203 201 198 204 206 218 219 229 235 234 250 256 267 263 278 319 327 303 286 277 268 251 239 236
