bacia_piratini_180.asc
ncols         634
nrows         494
xllcorner     0
yllcorner     -90
cellsize      180
NODATA_value  -9999
[rows 315 to 359 of 494, columns 480 to 575 of 634]
33 37 53 49 54 42 44 53 55 54 53 48 32 30 25 35 37 38 41 43 54 62 57 58 68 66 68 90 91 80 75 70 68 75 108 109 94 89 97 91 94 83 75 81 82 70 44 44 44 44 52 61 64 68 68 55 51 53 70 74 85 83 78 69 61 57 43 37 36 38 35 34 35 33 34 32 33 32 31 30 31 31 28 26 26 31 39 43 53 59 67 58 51 32 35 37
28 37 52 51 50 43 46 48 52 52 50 49 39 25 26 32 36 38 52 60 75 79 72 70 83 83 82 89 91 74 62 59 70 88 99 95 90 86 88 81 71 65 67 77 69 58 44 44 44 44 55 70 80 82 62 50 59 74 75 75 75 84 70 58 52 47 39 38 34 35 34 34 33 33 31 32 34 27 31 30 30 30 30 26 26 42 41 45 50 56 57 33 32 32 27 37
32 34 47 46 48 34 41 39 55 41 51 42 32 34 32 37 38 48 63 75 86 85 86 99 102 103 99 93 84 67 61 58 75 87 93 79 79 84 94 79 62 62 54 50 55 57 44 44 44 44 63 59 76 73 59 53 51 61 62 60 70 70 74 66 56 46 39 37 34 34 36 33 32 30 29 29 30 30 31 29 31 29 31 26 26 36 41 53 54 50 50 31 27 28 33 39
29 31 53 37 37 34 39 35 29 35 44 33 29 30 27 35 45 54 61 58 63 80 90 95 93 99 100 85 67 62 51 57 74 86 80 71 68 80 91 81 81 73 62 56 51 44 44 44 44 45 52 62 79 83 69 56 48 44 52 55 60 69 66 65 59 49 44 38 33 34 34 34 32 31 32 31 29 29 30 27 28 29 26 26 26 30 40 42 37 48 38 28 21 22 28 34
21 36 30 30 33 32 38 36 29 27 23 28 27 27 25 27 33 49 61 64 67 76 89 87 81 95 102 75 67 77 53 53 66 71 59 57 58 65 78 89 81 77 65 59 46 41 45 41 38 42 44 55 74 78 58 52 41 43 51 57 66 54 50 51 57 57 50 41 33 29 33 31 32 31 28 31 30 27 27 28 29 26 24 26 26 28 27 31 33 33 37 20 17 18 24 23
27 29 30 31 31 34 36 32 24 21 24 26 26 21 26 30 39 53 63 62 71 79 93 93 91 104 106 98 78 80 69 47 56 67 56 62 72 75 85 87 85 73 60 61 42 40 40 43 43 39 45 57 80 76 53 46 44 46 52 68 60 51 44 40 52 48 48 44 41 32 31 28 29 28 28 28 29 25 27 28 27 27 29 32 26 24 24 23 22 20 20 18 21 19 14 14
27 24 29 33 26 32 31 25 22 19 30 31 31 27 29 32 39 47 50 60 73 80 78 70 93 95 104 89 71 71 54 47 57 57 50 67 83 82 84 77 76 73 50 47 43 41 40 41 39 36 44 51 64 71 52 46 40 52 62 62 63 62 49 39 37 46 61 39 40 38 28 30 28 28 28 29 27 27 28 26 26 25 27 26 28 26 22 26 26 25 25 24 21 19 19 14
21 28 27 34 27 24 27 22 20 20 26 32 32 31 31 34 39 41 47 52 69 78 63 72 80 98 86 83 80 61 52 50 48 48 51 78 76 67 54 64 70 62 46 42 40 39 37 40 36 37 42 41 53 83 53 46 38 48 44 50 54 48 49 38 32 37 45 45 40 35 28 28 31 28 27 31 27 27 24 24 26 31 26 27 25 26 27 26 27 23 24 21 24 21 19 23
21 22 28 29 35 24 24 22 20 21 22 33 33 33 35 31 34 38 42 55 67 65 58 72 80 73 75 66 77 72 71 49 45 40 56 75 66 56 53 63 67 62 46 38 36 36 35 37 35 38 39 40 48 48 41 44 36 39 39 46 44 42 35 37 31 32 31 40 37 37 28 26 28 26 29 27 26 25 25 23 28 27 26 28 25 25 24 26 25 25 24 25 22 23 23 19
21 19 23 28 28 22 21 23 20 20 30 30 31 30 35 46 31 37 42 50 59 56 58 65 73 77 58 54 66 58 68 50 45 39 53 71 50 50 45 53 54 48 41 36 38 36 39 36 37 39 35 36 42 39 40 37 34 37 37 35 35 42 38 35 27 28 27 39 34 27 29 30 28 27 23 27 28 26 25 22 26 25 24 28 24 24 24 26 24 25 24 25 23 24 23 21
17 24 22 20 21 19 21 24 27 30 33 29 28 31 25 25 32 39 39 54 44 49 64 52 63 72 72 65 51 46 52 46 41 38 44 56 49 45 46 45 39 37 37 37 37 36 39 36 38 33 39 39 41 36 32 34 35 36 36 34 45 42 44 28 26 27 25 27 28 27 26 26 25 26 23 24 26 25 24 26 24 24 22 24 23 25 26 23 24 21 24 22 24 25 21 21
21 20 24 21 22 22 22 22 23 34 29 25 24 23 24 25 28 36 37 48 40 51 56 53 47 62 63 67 49 43 35 37 39 39 39 51 49 52 46 40 37 37 34 37 34 34 34 35 33 35 34 37 41 34 34 39 37 33 34 32 47 45 42 35 27 31 25 26 25 25 27 27 26 24 24 24 26 24 23 23 22 26 23 23 27 24 26 24 25 22 22 21 23 21 22 21
20 22 23 25 24 21 21 19 31 32 26 22 21 40 29 31 31 31 36 38 41 42 51 45 49 51 52 57 60 62 53 38 43 39 39 46 55 61 59 48 40 38 34 34 35 34 33 33 35 42 32 32 32 31 32 40 36 35 32 31 39 45 46 39 32 28 26 25 27 28 26 26 23 28 25 24 25 22 23 22 23 23 23 24 24 22 24 24 23 22 21 23 23 21 23 18
20 20 22 22 21 23 23 19 20 21 19 23 28 31 30 28 32 31 33 40 38 37 38 43 42 43 47 48 40 45 41 35 36 39 35 37 59 66 57 41 34 33 34 32 31 33 32 33 32 33 32 33 33 32 31 44 36 34 31 30 36 34 34 36 28 25 26 25 25 27 28 26 24 27 27 26 24 26 25 22 23 24 25 23 24 23 24 24 23 21 22 21 21 22 23 20
20 21 19 17 21 21 22 22 22 15 19 25 26 30 33 32 32 33 33 34 34 35 36 37 39 43 39 36 35 37 38 36 39 44 39 35 38 46 41 37 35 34 32 30 33 35 34 36 31 30 32 32 32 32 29 29 35 31 30 29 28 31 25 26 24 25 25 23 25 23 25 24 28 26 25 22 24 22 24 25 23 22 20 26 20 24 22 23 24 23 22 23 19 22 19 22
21 22 18 20 18 21 20 23 22 18 18 25 30 31 30 32 32 31 30 30 31 30 31 31 32 32 33 34 34 30 37 43 43 45 42 35 34 34 32 31 33 32 33 30 33 29 32 33 30 31 30 30 29 31 31 29 28 28 29 28 27 27 25 22 24 25 23 24 24 23 24 25 26 24 23 23 23 24 24 22 25 21 22 21 26 29 25 22 24 26 22 21 20 21 22 20
19 20 22 20 20 21 20 20 20 21 18 19 25 26 29 31 31 31 28 27 30 30 30 31 28 26 40 39 38 38 44 49 45 36 38 33 33 31 33 33 33 32 29 30 28 30 30 32 31 33 37 31 29 30 29 28 29 29 28 28 26 25 26 21 25 25 24 24 25 25 22 24 25 23 23 21 24 25 24 22 23 21 22 23 22 25 23 22 21 20 21 24 20 20 20 23
20 19 20 21 19 19 18 19 18 20 23 22 19 22 27 28 31 29 30 29 30 41 30 27 25 28 33 40 39 45 44 40 35 34 33 34 32 33 32 31 30 29 34 31 32 27 32 27 32 31 30 37 30 28 30 29 29 28 29 27 26 26 25 26 26 24 23 24 22 23 24 23 23 22 21 24 23 21 22 18 23 22 22 21 22 22 20 22 24 18 22 21 19 20 21 19
20 23 18 19 17 19 20 18 19 21 22 19 22 26 29 31 30 28 29 27 30 29 26 23 20 36 40 38 38 43 35 34 34 32 34 32 33 33 29 28 29 29 31 26 26 29 30 30 29 28 30 30 29 30 28 28 26 28 28 26 27 28 27 25 24 24 23 23 23 21 22 25 22 23 23 22 21 24 25 19 21 21 22 21 22 22 22 21 23 23 20 19 24 20 19 20
27 26 21 19 19 20 20 20 19 19 20 22 24 31 27 29 28 31 26 28 30 27 22 34 36 42 40 36 31 33 33 34 32 34 33 33 32 29 25 29 26 31 27 29 28 28 29 29 31 27 28 30 30 28 27 29 29 28 28 27 26 28 23 24 24 24 24 25 23 20 22 32 22 23 21 23 21 21 22 20 22 22 19 21 21 22 21 21 21 23 22 20 20 22 21 24
28 29 26 22 18 17 18 19 18 19 21 18 20 28 22 29 28 30 30 27 30 27 22 30 39 36 32 31 33 32 32 31 30 31 30 31 32 26 28 27 28 27 27 26 26 28 28 28 28 30 31 28 30 23 28 27 26 27 26 27 24 28 25 22 24 22 23 22 22 19 22 20 27 21 24 18 20 22 22 23 20 22 18 20 22 21 21 19 21 22 19 19 19 18 17 20
25 28 27 29 20 19 19 17 30 18 19 25 17 19 18 26 31 35 26 25 25 20 23 26 29 32 31 31 29 30 35 41 32 29 27 31 29 33 29 28 27 27 27 30 27 28 27 28 29 29 24 27 29 28 25 28 28 26 25 25 25 26 23 23 23 23 22 22 22 20 20 21 26 20 20 21 21 19 21 20 18 20 19 19 18 23 22 21 22 20 19 22 22 20 19 19
28 27 28 26 26 19 24 22 24 19 17 20 18 20 17 24 28 26 20 21 18 21 24 30 28 29 30 26 33 29 29 31 28 29 29 27 27 27 25 24 27 23 27 27 26 25 26 31 27 26 26 27 27 26 27 24 25 26 26 25 21 23 24 22 22 24 21 21 20 21 21 20 21 19 21 19 20 18 19 17 20 22 19 19 24 22 20 23 21 20 21 21 19 21 19 19
32 25 29 26 22 34 30 27 16 19 21 20 21 22 19 21 23 24 21 25 29 31 33 32 26 29 30 28 30 28 28 28 30 28 27 27 27 24 26 30 25 24 27 23 24 25 25 30 28 29 25 27 29 29 27 24 26 25 26 25 25 24 21 23 22 22 21 17 21 21 21 20 21 19 17 18 19 18 22 18 20 21 20 19 20 17 21 18 21 21 22 17 19 20 20 17
26 26 27 26 26 22 25 25 23 19 17 19 17 18 19 28 24 21 26 22 22 26 34 26 26 27 28 27 30 30 28 29 29 28 26 25 28 26 26 27 29 25 26 29 28 26 28 28 25 27 28 27 26 27 26 24 25 25 24 22 24 26 25 21 25 24 21 22 22 20 19 20 20 21 21 27 19 20 20 21 19 18 19 19 17 20 21 20 19 19 20 20 18 21 21 20
30 22 24 26 28 26 24 26 28 23 20 18 20 21 24 21 19 18 19 28 27 34 27 27 26 29 29 28 29 29 30 28 27 25 27 27 28 27 27 24 27 25 26 21 26 27 26 37 27 25 24 23 22 25 26 24 26 23 26 27 21 22 25 21 22 22 22 23 21 21 22 22 20 20 17 18 19 18 21 19 19 18 20 19 19 18 20 19 20 20 21 21 17 18 19 20
21 19 20 19 21 19 20 20 19 19 19 18 21 16 18 21 20 21 20 31 34 30 28 35 29 30 29 28 28 27 28 28 27 27 26 23 26 25 24 24 26 26 27 27 24 24 23 25 27 26 28 25 25 31 29 25 26 25 24 25 22 26 21 20 26 26 22 21 21 21 20 19 22 19 18 17 14 14 14 17 21 34 23 18 18 19 19 21 19 19 21 19 20 21 17 20
21 19 21 20 19 20 21 20 21 19 20 18 19 20 21 19 20 18 19 17 18 18 21 28 30 27 28 27 29 29 27 29 27 25 25 26 25 24 25 27 38 24 24 25 24 27 27 27 24 26 24 27 24 24 24 24 23 24 21 23 23 23 24 24 20 21 20 21 19 21 21 20 21 22 20 20 14 14 14 14 14 32 30 21 15 17 19 20 19 19 20 17 18 19 19 20
18 17 17 22 20 21 18 19 22 20 20 19 18 20 19 18 18 19 22 17 16 14 18 24 33 27 29 26 28 27 26 26 27 26 27 24 25 27 24 24 24 23 24 24 23 24 23 24 27 25 27 24 25 23 23 23 23 25 24 21 21 24 23 24 21 19 20 21 22 18 22 19 20 19 21 20 20 14 17 15 22 19 17 17 16 18 17 18 20 20 20 18 20 19 18 19
22 20 22 21 19 21 20 23 18 18 20 19 19 21 20 19 19 18 22 20 17 19 16 18 19 28 27 30 30 27 26 23 25 24 27 24 25 23 24 24 24 24 24 24 24 24 24 24 26 23 27 23 21 23 25 24 23 22 22 22 24 21 20 21 19 21 21 18 20 19 19 19 21 20 18 18 18 17 15 18 14 17 15 15 19 19 16 20 20 19 20 21 21 20 18 15
21 20 20 19 20 21 20 18 21 20 18 18 18 19 19 19 18 20 17 19 16 17 20 17 16 17 18 28 28 28 27 23 24 25 26 24 26 25 24 24 24 22 23 23 24 22 27 24 26 23 25 23 25 23 24 24 22 19 20 22 21 19 23 22 23 20 22 19 21 21 19 20 20 19 18 21 17 19 15 16 15 19 18 19 18 16 19 19 18 19 20 19 20 19 18 20
20 20 14 18 18 18 19 19 18 17 18 18 20 20 17 18 17 19 18 20 16 16 17 19 16 15 15 17 23 25 26 25 23 26 24 25 24 25 25 24 25 24 23 25 22 22 23 25 24 23 24 20 23 23 22 22 22 23 21 19 21 23 20 21 19 21 22 21 21 20 17 19 19 19 20 19 18 18 20 20 15 17 12 14 18 19 17 20 17 18 18 18 19 17 18 19
18 22 17 20 19 21 21 18 18 17 17 17 14 18 17 16 17 16 17 17 17 14 14 17 19 15 12 14 12 20 24 26 24 24 25 25 24 25 24 24 25 22 22 24 24 25 23 23 22 20 22 23 21 22 21 23 23 23 24 21 23 18 20 19 19 22 21 21 20 22 22 17 20 20 20 19 20 16 20 18 15 17 16 17 19 17 16 18 20 17 17 19 18 17 17 14
22 26 18 22 22 22 21 19 16 18 15 20 14 14 16 18 17 17 19 16 18 19 20 16 20 11 16 11 13 17 24 26 24 26 24 24 23 23 22 22 25 22 22 24 24 24 22 22 20 19 25 22 22 22 21 20 21 18 23 22 21 18 20 20 22 23 18 20 19 19 17 20 20 16 19 18 21 19 18 15 15 16 19 16 16 14 15 17 16 19 18 17 18 18 17 19
14 14 14 13 16 16 16 15 21 18 20 17 14 19 16 15 20 14 15 16 19 17 16 18 17 17 16 14 13 12 25 25 23 24 24 24 23 24 23 22 24 22 28 31 32 24 23 23 20 21 20 21 21 21 21 19 19 21 21 21 18 22 22 20 21 18 19 18 17 20 18 22 20 22 17 17 16 19 20 16 20 18 13 18 14 15 16 17 17 16 19 18 17 18 20 19
22 18 17 21 20 20 20 17 20 23 17 20 16 17 18 16 18 17 17 17 18 19 15 18 16 15 17 14 12 12 16 23 22 24 23 24 25 24 24 23 23 24 23 24 25 22 24 22 22 22 19 17 19 21 20 20 19 19 17 21 20 20 20 17 18 17 20 16 16 16 18 20 19 21 19 17 16 20 18 16 17 16 18 18 15 16 15 17 15 16 18 18 16 16 17 15
20 20 22 27 23 19 22 20 22 13 22 16 16 14 16 14 17 18 16 17 14 13 13 18 15 15 14 14 14 12 10 16 27 18 24 23 25 23 24 22 22 24 26 23 24 24 23 24 20 21 24 18 20 20 20 19 20 20 20 21 18 19 18 17 19 17 21 17 16 16 18 19 17 19 16 21 18 17 29 17 18 17 17 16 13 15 13 15 14 15 13 14 18 16 16 15
17 21 20 23 25 23 18 20 19 15 22 17 19 18 18 19 11 14 16 17 17 13 14 15 17 14 14 12 11 14 11 13 27 21 22 24 23 22 23 23 23 23 25 23 24 24 23 24 24 18 22 20 22 18 18 19 20 19 17 20 21 19 20 18 17 15 17 16 16 16 20 17 22 17 17 21 19 15 17 16 18 18 18 20 17 12 15 17 14 14 13 12 16 16 17 15
17 24 24 22 21 24 25 18 17 19 16 14 15 18 19 20 19 19 15 13 15 12 11 13 11 11 14 15 13 13 13 13 12 17 18 23 22 22 22 22 22 22 24 25 22 24 22 23 22 20 20 23 20 22 21 20 19 19 20 17 17 18 20 17 16 17 16 16 16 16 18 18 19 18 19 21 22 19 18 17 18 19 18 18 17 16 15 14 12 14 12 12 15 15 16 15
18 20 20 18 20 21 20 22 20 20 15 16 15 14 12 19 23 19 15 19 15 14 13 10 12 11 11 14 14 12 13 14 10 10 18 22 22 21 21 22 23 22 22 23 20 20 22 23 22 21 25 22 21 19 18 20 20 19 19 21 18 20 16 16 16 16 16 16 16 16 18 17 16 17 18 17 21 22 18 18 14 18 17 15 16 17 14 12 12 12 13 12 15 15 17 17
21 21 21 19 14 18 17 16 15 17 20 18 16 22 18 16 11 15 20 17 15 14 13 15 16 10 10 12 13 14 13 11 11 10 11 20 22 21 17 19 20 22 21 22 21 22 23 26 30 23 24 23 22 23 20 20 21 19 20 19 20 19 16 16 16 16 16 16 16 16 16 16 16 17 18 18 18 16 15 19 15 15 19 14 19 16 15 14 14 14 12 14 14 14 15 13
20 19 20 19 18 20 21 17 18 19 16 16 17 20 23 20 25 22 23 22 19 13 16 12 12 16 12 12 14 11 13 11 13 10 10 15 24 22 21 22 18 19 21 17 19 22 18 19 20 21 23 21 23 21 19 20 22 20 20 20 19 20 21 20 19 16 16 16 16 16 17 14 16 18 17 18 16 21 17 17 20 16 18 15 16 15 14 14 14 14 14 13 14 15 14 15
20 18 20 18 20 17 20 17 17 18 18 18 19 25 20 21 22 18 20 18 18 16 10 17 15 12 16 17 12 12 12 9 11 11 9 14 17 27 23 23 20 20 18 22 18 23 17 18 20 24 21 20 22 20 22 17 22 21 19 19 21 21 21 21 20 17 22 16 16 16 18 17 15 18 16 18 16 15 16 16 14 15 16 16 16 13 15 16 14 12 12 21 15 16 16 17
28 18 22 20 18 21 15 17 15 17 16 16 18 16 15 16 18 17 21 18 18 20 17 15 15 13 9 13 15 13 12 7 9 10 12 11 22 21 23 21 23 20 20 30 22 21 17 17 17 20 19 30 21 22 21 21 20 20 21 21 20 21 20 23 21 24 26 21 16 16 20 16 17 14 19 16 16 15 18 13 16 16 14 14 16 15 16 15 17 13 13 12 12 12 12 17
24 26 20 21 19 19 17 15 20 14 18 14 15 15 15 16 17 17 17 18 19 17 18 21 17 13 15 11 11 11 10 10 10 8 11 10 18 22 21 20 19 19 19 28 19 21 21 19 21 17 17 17 18 17 19 20 20 22 20 21 21 19 21 23 22 23 23 25 21 20 21 15 19 13 12 15 14 14 15 14 14 15 13 9 15 16 16 15 15 14 12 12 12 14 14 15
