bacia_piratini_180.asc
ncols         634
nrows         494
xllcorner     0
yllcorner     -90
cellsize      180
NODATA_value  -9999
[rows 135 to 179 of 494, columns 0 to 95 of 634]
295 285 281 277 265 265 269 262 276 259 260 255 255 267 275 267 263 252 238 259 255 266 273 269 265 260 262 258 269 236 243 252 258 270 257 246 236 237 239 238 238 238 236 237 242 244 245 243 249 255 258 258 271 291 310 304 300 315 326 341 366 362 337 352 374 397 374 353 375 381 382 384 378 386 406 416 427 442 441 426 409 395 392 382 377 361 350 347 351 358 383 391 397 405 405 407
291 276 271 266 264 262 257 261 265 257 261 255 255 266 266 263 267 253 238 248 247 256 260 267 269 263 263 267 268 249 233 239 243 250 252 240 233 237 243 241 239 240 242 242 250 249 255 254 249 265 256 262 272 294 313 315 319 318 338 364 356 338 337 358 382 400 377 352 373 397 392 398 388 392 407 425 433 441 432 413 395 387 384 378 364 348 351 357 349 356 373 386 388 401 391 402
283 271 265 263 264 255 258 270 268 262 261 261 255 253 254 263 258 255 255 243 242 248 262 271 273 268 264 261 253 246 242 234 239 255 255 239 235 241 256 245 237 242 242 242 251 252 261 266 260 264 261 272 285 297 307 326 320 337 360 368 356 343 353 363 393 403 378 357 374 388 407 402 392 398 411 423 434 440 421 401 390 382 373 375 375 365 366 361 354 355 370 373 381 389 384 399
289 280 265 262 253 254 263 271 265 257 261 257 252 250 261 263 257 250 256 246 238 239 268 269 271 265 259 258 254 257 248 231 236 252 245 241 241 243 251 249 257 246 242 241 248 252 266 275 276 252 262 269 288 312 327 340 326 350 359 368 355 348 373 369 387 409 396 367 366 390 402 405 409 406 410 421 436 437 419 397 382 376 373 367 364 359 379 371 361 350 367 366 363 367 370 380
273 269 263 256 257 257 267 264 261 266 258 259 250 253 252 254 255 249 242 237 234 252 259 282 285 284 270 270 264 260 255 233 233 235 232 247 256 253 248 249 260 259 249 243 244 253 261 282 282 264 268 279 289 309 326 348 354 372 377 366 348 356 378 385 391 411 391 379 363 378 378 398 407 413 415 426 432 420 403 391 381 374 366 372 374 373 385 379 373 356 365 362 362 379 380 389
276 270 261 256 253 247 257 252 259 267 257 259 255 257 252 244 241 249 231 233 236 257 269 278 293 281 282 272 260 251 246 231 231 231 237 252 260 267 251 251 257 260 249 246 243 242 273 279 276 277 290 295 296 311 340 355 360 385 378 360 364 363 373 401 402 405 392 376 366 370 398 409 413 415 417 425 420 407 399 393 380 371 367 375 383 385 389 382 371 363 370 370 361 364 381 395
282 275 265 261 256 247 251 257 260 263 264 263 260 265 253 249 242 237 232 234 240 251 257 275 283 271 286 278 253 249 236 230 230 237 247 251 266 264 257 252 253 265 262 256 245 248 262 270 286 289 300 304 313 322 337 337 352 397 385 370 366 385 380 404 420 407 387 388 365 370 382 392 404 406 410 419 413 402 397 388 385 376 369 378 390 395 391 391 375 364 377 377 374 364 377 388
275 269 259 261 249 243 255 259 266 273 267 262 262 263 267 263 259 250 233 232 237 255 266 271 284 266 266 263 246 242 237 231 241 243 260 256 267 263 258 254 251 262 270 254 255 249 261 279 288 299 306 302 303 300 326 346 361 374 396 372 372 406 408 419 422 407 403 383 368 378 388 394 390 399 407 420 408 407 398 387 379 375 370 381 388 400 400 386 375 363 370 382 381 376 374 381
276 270 257 251 244 234 252 256 268 264 265 265 261 260 265 263 246 234 234 229 235 256 257 270 272 266 253 245 243 244 234 230 243 247 255 251 251 256 256 259 257 261 263 261 265 261 251 258 275 281 288 284 289 300 322 338 347 388 405 380 372 400 413 417 427 416 403 385 368 371 370 373 384 399 406 405 407 408 401 386 382 378 371 385 396 403 402 391 381 369 366 373 384 387 380 376
270 262 261 254 243 236 241 250 253 251 263 267 264 261 270 266 259 235 236 232 234 249 269 277 291 277 275 263 243 235 230 225 236 236 248 252 254 255 260 270 264 266 261 264 272 269 259 255 268 263 277 285 296 305 323 338 355 380 404 374 391 389 399 420 434 421 401 392 382 375 373 371 386 402 402 394 407 406 401 389 385 379 375 385 394 404 400 385 376 378 372 376 386 392 383 387
256 264 259 253 250 236 229 238 239 247 251 256 258 261 281 268 266 254 251 231 230 257 274 286 286 273 262 256 246 236 231 238 236 244 252 257 254 256 265 276 264 262 255 264 276 270 269 271 267 267 282 292 309 320 330 338 359 405 391 381 403 402 422 438 440 429 420 406 383 384 381 375 375 387 381 393 405 407 408 404 391 384 373 385 396 405 402 392 384 382 372 376 387 399 391 396
247 252 261 240 243 232 235 252 252 253 256 259 261 263 270 271 266 252 240 230 239 265 265 274 267 269 270 255 239 227 235 246 245 252 259 257 250 250 265 277 271 264 256 256 264 281 272 283 277 267 271 279 289 304 326 334 363 396 393 387 407 420 433 442 445 432 422 410 402 389 395 387 379 377 386 389 393 403 410 407 394 384 374 383 400 406 403 391 383 380 372 376 390 397 406 405
234 244 244 237 227 226 229 251 253 255 251 247 256 260 269 264 265 254 238 231 231 242 259 270 256 264 263 247 232 235 252 252 252 248 254 258 246 252 269 268 265 257 249 251 268 288 281 288 290 294 285 282 301 309 315 335 362 393 402 390 401 419 422 433 437 426 415 404 400 389 407 398 381 375 383 390 395 407 416 411 395 385 378 386 403 404 402 399 389 382 369 372 386 400 405 406
232 224 233 227 216 225 240 236 240 240 248 257 261 258 262 261 251 254 235 227 245 241 244 245 238 261 261 246 228 240 253 248 249 241 249 257 241 252 252 253 258 244 246 251 279 295 291 292 305 305 294 302 297 314 333 349 365 407 414 405 399 409 418 432 439 432 415 407 396 390 398 402 393 375 387 392 406 409 416 411 398 382 381 385 403 407 403 391 384 374 379 374 385 391 396 410
227 215 219 217 222 222 227 239 246 248 257 255 262 264 255 256 251 241 230 229 244 239 237 223 228 237 255 252 234 240 245 249 236 234 238 240 237 243 242 255 243 248 252 257 273 289 304 301 312 311 308 322 314 319 343 386 381 417 427 421 406 417 424 436 438 431 415 403 397 393 403 406 404 386 379 387 399 406 412 408 407 388 391 386 395 405 404 401 383 379 391 384 380 379 384 414
216 211 214 221 230 227 224 228 231 245 256 260 258 260 257 248 242 241 229 238 236 222 221 221 220 223 247 244 226 237 238 241 233 237 237 241 237 239 239 241 245 245 249 264 278 291 315 313 309 319 322 350 332 328 343 388 415 433 433 429 416 422 432 445 435 430 417 411 407 402 398 408 403 389 384 384 393 400 407 408 402 397 400 389 396 408 415 408 393 382 392 395 385 393 388 406
216 216 223 234 235 232 231 231 234 239 256 265 261 269 271 252 239 238 231 236 224 228 222 229 219 219 231 239 226 229 227 232 234 246 246 246 240 239 242 247 242 244 251 265 278 305 320 296 311 325 343 363 358 362 353 377 401 404 419 427 425 426 432 438 436 429 420 419 413 403 400 409 405 396 394 386 387 395 401 402 405 407 411 398 396 410 413 406 390 384 399 392 384 397 403 398
212 218 234 240 245 236 249 253 232 242 262 260 259 264 256 250 249 247 231 232 224 228 243 227 220 231 222 236 220 229 231 235 239 235 252 241 238 238 240 244 241 245 249 268 282 302 294 288 301 309 323 359 352 386 359 364 371 397 416 411 426 425 435 432 420 417 424 418 407 406 407 411 410 399 402 397 388 386 398 403 413 420 415 405 404 413 409 403 392 399 404 397 395 409 415 416
209 220 243 237 248 243 259 261 249 243 254 261 258 259 262 253 256 248 228 232 245 239 233 220 226 236 221 226 223 239 238 243 245 243 247 247 243 237 242 244 242 244 251 266 277 287 277 268 276 284 300 330 333 354 336 340 364 390 392 404 407 420 421 409 408 418 426 426 412 407 412 418 419 405 411 401 395 392 391 404 409 420 414 410 405 421 410 401 396 406 409 400 394 411 424 425
212 220 229 234 243 251 255 264 254 251 253 257 256 258 256 259 257 254 243 254 258 247 236 216 231 242 231 220 232 237 243 246 247 246 240 247 247 244 241 247 247 254 252 251 265 262 267 270 280 280 276 288 307 312 316 323 350 358 345 380 398 408 407 394 398 419 424 424 416 405 409 418 422 418 410 400 402 395 394 400 404 415 414 418 417 421 412 401 396 416 417 402 400 414 430 436
214 226 237 244 244 253 256 264 264 260 259 262 256 256 252 257 259 257 252 261 251 230 223 224 235 245 239 222 226 232 253 250 242 247 244 250 257 248 241 246 247 256 263 259 259 271 274 280 293 303 289 280 290 307 326 318 311 317 336 381 393 384 386 377 398 409 415 425 418 417 414 423 429 427 413 413 407 396 392 398 410 418 427 426 425 427 417 410 406 416 424 415 405 415 442 439
213 223 239 251 249 262 264 267 265 262 259 262 261 256 252 253 257 258 254 250 244 230 216 222 229 235 239 224 223 227 238 239 242 265 254 239 254 238 237 241 250 258 271 275 269 282 291 293 304 304 303 308 298 295 307 302 315 312 322 346 383 354 355 359 378 392 407 426 420 414 417 426 432 427 430 416 408 403 394 402 415 425 429 432 434 436 424 413 414 419 422 422 421 424 436 432
217 218 228 231 248 266 265 269 269 260 255 253 260 254 249 250 257 262 254 245 253 238 219 216 222 244 252 235 222 225 231 233 243 267 259 233 228 228 242 244 262 267 280 279 279 280 308 317 325 314 316 317 322 302 312 313 332 317 323 342 332 344 346 357 382 401 413 425 426 423 424 428 434 434 434 427 418 415 395 409 413 424 439 439 437 433 423 425 425 427 431 428 421 419 420 419
224 228 223 241 246 245 256 266 269 254 250 247 255 249 244 246 258 262 263 250 229 221 228 219 231 242 250 242 228 229 239 234 240 250 239 230 226 229 250 266 256 274 276 288 296 308 309 326 341 332 329 339 328 323 326 327 343 338 335 328 342 365 361 364 387 402 412 419 424 426 430 435 435 436 439 433 417 410 406 414 424 430 442 439 436 432 418 417 424 430 431 422 418 409 403 419
222 225 221 234 245 251 269 269 267 256 248 238 242 247 237 244 256 259 252 234 213 214 215 215 225 245 249 247 232 240 239 236 239 229 229 219 228 231 242 279 273 271 274 288 297 318 325 328 334 348 342 342 341 332 342 343 353 365 362 351 358 358 372 370 372 383 398 413 413 421 432 434 426 424 430 431 419 425 421 416 423 437 435 430 433 429 410 409 409 419 425 418 412 398 401 421
213 228 233 232 236 247 261 271 265 263 246 243 236 236 234 243 254 253 239 237 216 216 224 233 236 245 234 239 232 239 237 239 238 229 220 220 225 230 242 283 273 276 281 288 301 316 329 341 341 336 332 317 328 342 346 340 358 356 384 375 386 368 386 383 384 393 395 401 422 436 441 435 416 415 428 431 425 427 428 427 436 434 431 421 422 417 407 397 399 415 423 412 406 394 400 410
218 229 239 237 246 242 255 255 254 248 242 245 238 229 237 235 244 229 228 235 219 210 218 225 228 227 233 236 237 237 238 239 240 234 223 222 225 233 256 272 260 275 300 303 302 310 330 336 325 313 311 298 308 328 321 335 327 347 381 397 402 383 400 396 390 403 413 418 432 438 431 426 408 418 424 430 433 435 430 431 436 433 430 421 412 410 397 393 399 413 416 412 401 385 403 404
232 220 235 242 245 246 249 252 244 242 245 240 237 232 236 244 227 211 218 226 212 217 240 238 230 235 236 236 235 236 229 228 240 229 216 221 222 237 267 250 255 278 300 299 316 316 327 338 314 300 286 283 297 306 306 319 334 352 375 393 391 406 412 414 412 419 417 427 431 425 419 407 396 410 420 428 428 422 428 433 433 429 426 417 412 403 393 388 391 404 414 408 393 383 394 386
239 230 224 234 243 243 247 243 243 243 229 230 229 224 245 237 216 208 208 211 213 231 241 246 237 234 246 244 231 224 221 232 236 226 225 224 219 250 253 237 258 279 272 292 305 298 308 324 308 281 289 302 300 307 335 327 328 346 367 368 378 403 414 419 413 418 424 426 423 415 416 409 397 414 419 416 416 417 418 427 430 425 416 411 406 406 401 391 384 394 399 411 396 384 391 380
238 236 230 244 248 246 247 243 245 234 224 227 220 223 235 224 207 210 222 222 239 233 251 250 242 243 249 246 238 219 218 228 240 240 235 225 224 247 229 237 256 252 264 290 280 273 291 296 283 266 283 301 314 325 337 353 342 348 352 365 380 395 406 412 408 410 414 419 418 403 405 394 393 397 403 413 404 407 418 417 420 422 416 401 399 402 402 392 387 386 378 394 394 377 377 380
242 235 247 249 250 249 258 246 243 240 236 223 215 227 206 206 213 224 220 234 248 251 253 257 253 254 246 242 232 212 218 230 236 236 223 221 225 234 226 239 233 244 260 276 271 262 257 265 269 277 280 283 291 313 347 361 363 371 376 367 375 393 405 406 404 399 401 415 408 393 404 397 384 400 407 415 409 398 408 412 413 415 410 397 390 400 410 401 394 400 392 375 370 367 366 367
248 239 236 248 245 253 257 257 247 242 241 221 213 224 209 218 230 234 238 239 247 253 254 239 255 258 250 241 233 208 218 217 217 233 216 217 230 230 226 235 245 236 253 258 264 262 264 278 282 293 295 315 308 306 329 368 372 385 395 390 387 392 406 401 390 380 396 401 398 388 380 377 386 404 414 420 407 400 395 396 408 413 409 397 391 412 412 409 411 412 401 382 372 368 363 370
247 248 248 245 250 261 263 253 244 244 240 221 213 210 207 216 227 229 239 250 253 250 242 236 246 245 243 239 228 209 206 212 216 218 220 237 258 240 239 236 258 260 247 240 276 283 266 274 295 302 318 327 333 331 322 339 355 376 396 405 402 399 402 399 394 387 378 388 388 373 375 388 395 404 399 410 419 407 393 395 411 400 411 396 390 410 410 418 424 426 399 374 377 369 366 379
238 237 244 247 251 265 270 254 252 250 241 240 224 207 209 221 231 243 245 246 248 247 230 228 232 241 241 234 221 208 208 208 216 215 230 248 270 244 268 254 269 267 275 261 275 285 276 268 298 316 334 338 344 356 357 356 373 381 384 397 391 382 404 404 396 389 373 369 368 363 381 389 394 392 388 403 415 407 399 386 396 381 404 385 384 397 411 413 422 412 392 388 386 376 361 367
239 240 238 244 256 269 272 258 261 246 235 227 209 202 209 233 239 242 245 246 248 239 221 221 237 246 235 219 212 207 209 206 210 221 245 270 278 269 281 271 267 284 285 265 290 299 298 287 284 315 311 325 335 349 347 358 374 380 373 368 382 370 398 413 400 397 380 374 361 363 382 384 385 377 397 406 412 398 393 388 399 374 385 370 386 394 406 414 418 407 405 407 387 379 372 374
239 236 241 258 261 258 271 283 256 251 237 229 209 206 209 234 236 240 238 228 232 224 216 224 234 235 227 211 205 211 218 217 217 236 257 283 265 281 286 288 282 302 293 282 281 297 313 304 286 288 289 306 314 324 326 338 354 357 348 351 372 367 376 391 406 395 384 378 368 360 374 368 363 379 386 393 401 398 388 378 389 366 376 380 386 409 414 418 414 406 417 414 401 394 376 380
234 241 246 252 273 280 279 287 271 257 253 276 207 205 216 229 232 234 232 220 223 218 207 217 221 230 209 210 210 210 212 214 216 221 253 259 248 267 281 280 298 310 303 283 276 301 333 330 303 306 307 299 297 302 311 317 329 331 334 341 352 369 386 395 396 396 380 381 370 363 355 355 361 371 388 398 409 401 389 375 374 368 380 387 400 404 400 429 416 416 413 414 413 387 368 352
229 236 248 264 264 273 293 280 276 259 236 234 208 210 213 217 221 232 227 214 217 212 202 214 217 216 204 205 205 208 214 217 234 235 232 235 242 247 261 275 292 306 317 299 285 320 339 323 328 326 318 313 309 318 318 331 334 341 347 353 354 390 407 415 413 408 396 376 369 362 359 353 358 364 381 399 408 418 397 392 373 367 368 378 376 392 403 424 416 409 409 412 405 402 386 357
228 239 255 264 275 292 287 278 247 241 224 219 202 206 206 211 213 229 220 207 209 207 201 203 207 201 202 205 205 212 211 220 243 256 258 237 253 271 266 276 284 305 325 300 296 335 354 335 355 330 325 328 323 341 334 336 343 344 374 373 365 395 405 424 422 407 398 376 363 372 360 352 351 365 388 398 397 409 410 401 375 359 361 360 375 390 419 429 403 399 388 402 398 392 375 354
246 250 246 255 271 284 283 276 264 264 263 234 210 206 200 201 216 219 214 205 204 200 198 199 200 199 202 206 202 208 210 223 240 263 284 266 268 288 291 296 301 306 330 317 318 322 347 362 364 339 346 332 330 356 365 362 361 361 374 391 388 393 408 413 410 405 382 368 362 370 367 349 349 359 385 390 377 390 393 392 375 365 361 366 379 417 432 421 399 385 384 380 374 377 366 357
241 255 269 272 277 280 276 276 264 289 271 241 232 217 207 202 208 216 205 201 204 199 201 204 204 202 207 207 204 206 211 224 239 263 294 288 274 274 301 292 284 285 321 343 338 343 357 373 354 351 352 331 331 358 382 378 374 383 383 398 409 415 413 416 399 397 394 380 380 373 362 354 350 352 366 362 356 362 383 391 378 359 351 371 397 406 416 419 401 388 374 371 366 367 365 364
231 242 275 281 277 276 266 273 268 284 256 241 227 218 210 200 201 205 198 206 196 195 202 212 215 213 210 214 206 207 209 230 238 249 282 279 255 269 281 276 263 283 318 318 326 333 353 363 353 364 359 339 356 365 385 401 405 400 393 401 417 425 414 405 400 402 404 398 380 371 371 354 349 351 364 347 345 355 383 395 376 364 357 368 375 393 425 424 410 392 383 378 384 393 379 364
241 241 267 272 273 275 259 263 278 262 250 246 235 212 213 203 201 199 203 201 201 199 197 202 210 217 218 217 210 210 210 235 250 276 293 260 240 238 268 265 253 263 276 286 282 301 331 345 333 343 357 365 370 378 380 399 411 403 406 407 425 422 410 401 408 420 410 400 382 383 375 355 348 351 352 342 337 354 375 394 394 382 347 368 385 397 420 409 410 399 395 406 414 400 384 351
234 255 267 264 264 268 255 260 273 260 259 243 232 238 223 215 209 205 197 202 202 198 197 208 210 217 224 226 216 217 211 237 267 282 267 231 229 236 252 251 258 257 274 271 287 284 312 330 334 330 369 386 389 392 412 405 419 422 429 434 433 422 417 414 421 435 423 400 398 381 371 373 375 365 360 347 336 351 363 369 375 364 343 361 387 381 402 402 391 403 407 416 420 393 379 368
243 256 259 263 259 257 253 251 260 253 262 253 243 248 229 213 208 203 201 200 197 198 196 200 211 217 222 223 220 225 214 223 266 269 246 241 248 242 246 251 268 268 266 281 308 301 324 344 355 337 355 373 393 403 413 411 423 441 448 448 448 433 425 418 434 442 432 397 402 391 390 381 396 376 360 341 336 348 344 351 363 353 337 356 378 367 394 397 380 390 393 412 405 396 377 362
