imagens/bacia_piratini_360.asc
ncols         317
nrows         247
xllcorner     0
yllcorner     -90
cellsize      360
NODATA_value  -9999
[rows 90 to 134 of 247, columns 192 to 287 of 317]
139 167 121 95 111 104 77 108 115 104 80 79 102 110 86 88 103 132 133 145 189 250 259 252 261 264 249 268 255 264 262 260 277 278 274 255 249 222 267 302 289 307 261 273 224 212 206 239 213 175 175 153 143 151 162 176 185 199 221 238 246 259 248 240 217 219 198 187 199 224 234 232 232 222 242 238 201 177 193 200 204 214 180 173 186 199 199 200 210 227 239 242 196 191 198 164
114 169 125 79 77 94 80 86 112 100 82 83 85 85 98 93 124 106 131 189 207 195 200 205 235 229 255 242 256 258 240 271 273 267 255 235 242 237 216 262 303 319 286 258 263 244 213 221 194 186 177 156 150 157 165 188 182 216 240 243 267 261 230 217 202 206 179 202 220 224 239 223 207 221 229 215 233 211 225 200 208 188 183 205 248 216 234 236 213 251 255 236 233 234 177 200
122 118 92 93 75 72 87 100 108 83 72 109 81 81 105 96 99 117 146 160 163 163 190 232 208 196 226 219 237 232 212 240 257 257 256 240 220 207 213 240 303 317 280 256 207 192 201 224 219 179 179 152 148 173 183 193 219 232 239 256 269 256 242 220 205 173 174 215 213 235 237 221 207 208 230 224 229 234 222 226 191 184 233 267 265 233 254 263 238 229 251 262 251 220 196 194
142 121 124 109 74 73 89 85 78 77 84 104 120 88 114 136 147 134 163 157 145 144 175 174 175 187 215 201 214 211 214 231 244 263 241 223 222 212 210 220 238 251 251 232 208 193 176 184 148 150 144 142 143 155 174 215 213 190 200 225 242 242 232 213 179 174 193 198 204 226 237 234 223 203 228 200 219 234 224 216 218 199 271 259 299 264 280 260 230 237 257 265 234 220 200 214
128 99 111 98 72 95 72 76 91 75 87 96 134 100 97 154 191 185 185 195 186 186 189 193 187 192 194 232 207 226 225 233 248 251 248 239 239 219 201 207 232 236 262 237 251 246 175 149 150 136 137 144 139 142 163 176 196 210 214 225 240 241 209 204 171 168 192 207 221 228 232 210 204 209 223 191 210 209 211 240 221 242 250 260 296 297 294 279 257 263 248 289 307 249 231 232
111 95 94 75 73 104 95 97 125 93 104 100 119 153 117 131 163 200 206 198 217 187 206 195 217 206 223 225 214 233 236 246 264 267 240 258 236 200 199 212 211 208 208 212 187 182 178 150 166 147 156 146 158 174 182 203 216 222 209 242 233 218 195 191 163 172 192 213 224 228 230 221 202 185 209 184 188 192 240 231 238 256 251 249 283 285 290 325 322 336 287 296 310 251 240 235
95 77 72 86 115 138 135 132 124 117 128 108 144 165 144 155 198 237 199 195 214 196 211 203 218 216 220 230 224 233 253 266 265 248 233 225 218 217 204 199 197 191 210 212 208 162 156 163 125 133 143 182 206 211 218 232 234 198 209 197 209 212 209 169 164 194 201 195 187 214 226 213 182 181 191 179 202 197 214 228 244 281 276 260 271 276 291 287 276 258 265 299 284 258 268 231
84 68 67 111 146 165 130 107 119 114 135 136 141 173 182 171 183 209 227 209 225 204 220 216 236 222 214 232 239 228 262 262 249 244 237 251 257 238 210 208 211 187 200 201 205 199 192 189 152 116 177 201 229 215 215 222 234 215 188 188 188 199 179 157 155 179 209 194 177 208 198 211 187 176 176 190 207 210 213 213 236 284 285 280 286 291 295 287 263 246 269 274 258 286 262 205
77 73 68 86 88 114 96 78 82 83 90 99 133 171 177 182 216 213 222 220 219 225 232 238 242 241 238 244 266 254 267 257 254 231 228 243 236 232 214 213 227 205 186 198 215 203 212 193 168 99 114 134 159 205 182 201 225 208 183 171 184 210 204 172 163 194 210 184 159 169 212 211 186 166 186 215 226 247 230 224 235 237 257 282 294 301 282 264 259 231 241 237 267 273 278 226
103 111 100 69 69 79 68 86 104 97 94 110 125 145 183 175 164 188 227 229 233 243 256 280 279 268 265 290 285 285 274 265 255 240 206 197 205 223 208 194 213 226 185 166 177 186 192 186 142 119 116 110 126 120 166 162 196 182 162 167 204 219 184 143 156 189 219 178 150 184 221 191 164 180 197 212 257 257 237 253 257 252 255 269 288 270 252 237 281 264 214 218 244 271 237 209
119 97 88 92 66 69 82 88 128 106 108 109 124 124 124 143 170 206 230 246 266 287 265 263 253 246 253 271 251 249 232 230 250 228 209 185 212 211 214 189 203 201 202 165 151 149 147 168 180 153 106 98 104 159 129 157 186 183 152 181 216 196 144 135 162 204 194 163 138 173 182 175 169 184 211 222 233 278 248 214 249 276 259 244 287 254 219 243 247 224 191 220 256 240 241 232
147 107 81 77 67 80 101 122 116 134 120 109 124 145 137 182 187 214 265 261 284 267 254 246 236 238 251 265 241 217 207 236 251 226 207 189 179 194 191 190 181 185 179 185 157 141 143 163 183 160 116 102 102 119 129 159 213 193 146 182 194 177 124 112 164 212 196 165 144 200 183 176 165 189 220 228 252 258 241 194 217 242 222 228 257 281 261 218 218 188 173 198 203 227 244 195
118 102 78 68 68 91 105 143 176 146 139 171 165 146 176 197 234 258 288 276 276 287 297 284 247 250 258 262 240 216 192 216 239 221 204 175 178 184 162 173 189 182 156 168 171 144 151 180 165 187 144 118 83 114 151 189 211 184 142 148 169 138 100 133 164 211 169 120 155 187 177 164 175 178 186 208 226 273 219 199 182 185 199 222 247 268 251 186 150 168 188 204 226 252 193 179
100 80 69 65 93 109 184 164 184 202 191 207 216 179 196 230 272 267 243 250 280 286 279 260 232 235 260 258 221 200 195 220 210 214 179 136 174 177 155 174 183 174 148 164 192 140 135 164 170 189 144 112 82 137 157 173 185 151 122 132 106 89 106 114 159 181 149 134 176 160 185 158 190 201 221 222 261 271 219 173 215 207 228 252 229 210 192 173 147 172 195 157 180 205 163 175
117 102 67 75 138 171 220 214 222 255 232 232 211 216 240 242 240 222 220 261 241 262 253 255 224 233 267 251 212 208 180 192 194 188 154 121 119 171 156 174 146 161 141 157 147 140 126 156 171 174 132 87 81 115 160 175 144 132 88 87 83 99 114 163 177 139 116 124 141 159 155 158 171 221 247 257 270 261 202 168 168 192 212 197 207 188 163 154 155 139 154 127 150 167 144 182
143 73 72 114 171 180 203 218 248 238 239 243 261 270 259 248 220 226 256 238 219 251 236 229 196 199 226 253 238 219 197 167 185 179 154 167 122 116 110 124 158 158 136 118 121 127 161 166 176 136 97 78 120 140 167 135 114 93 77 90 101 120 134 160 183 137 108 99 127 142 150 174 198 230 246 216 241 214 195 159 199 231 195 184 190 176 184 190 165 137 135 112 123 134 181 194
68 70 82 96 134 166 200 218 246 222 236 254 274 264 258 245 214 199 216 203 194 231 221 183 190 214 250 232 231 232 196 145 150 168 174 161 153 96 111 145 148 151 124 120 131 151 162 181 184 169 131 75 91 130 132 136 119 96 84 84 124 145 146 153 141 132 106 113 123 170 173 210 205 242 228 193 241 223 172 154 205 177 168 191 209 207 196 199 208 191 140 96 126 175 174 181
64 89 107 157 192 223 243 237 223 212 250 270 256 243 259 244 232 202 159 176 201 236 205 158 181 220 242 217 194 178 173 143 133 117 114 117 103 97 90 119 124 154 141 129 125 124 140 161 157 143 93 73 89 121 148 124 97 100 68 98 133 151 108 118 114 103 102 112 173 212 205 216 231 246 195 174 165 178 161 152 163 157 178 215 213 231 235 224 207 188 137 89 134 183 162 157
69 107 172 200 228 244 240 221 197 219 249 249 239 212 238 231 199 176 153 185 178 206 199 163 192 235 247 221 198 177 163 160 146 129 125 113 143 140 88 86 100 108 116 120 111 150 151 167 120 112 114 73 115 125 142 115 95 80 69 72 114 94 93 116 106 91 119 143 215 218 237 229 238 221 217 204 163 143 139 144 153 179 205 203 181 197 242 227 196 142 100 106 156 144 148 122
60 167 191 205 234 228 212 206 197 224 242 225 223 201 226 242 222 164 145 148 157 186 178 166 190 228 241 218 209 217 192 188 160 178 174 157 155 109 88 94 91 90 110 74 100 135 144 150 146 152 101 74 103 112 134 113 89 83 66 65 70 77 83 104 92 93 139 178 226 235 215 228 252 235 205 205 216 180 144 141 177 195 154 163 157 188 207 181 158 122 107 69 115 131 123 112
61 144 121 169 200 211 187 198 174 219 218 205 199 194 216 240 214 201 184 127 161 140 139 181 179 205 224 225 194 190 210 200 182 174 173 154 142 130 111 89 90 70 72 83 90 104 149 134 114 77 70 70 92 114 124 104 92 81 69 63 80 88 114 75 83 92 137 180 191 185 193 222 249 248 226 194 194 158 138 134 153 145 108 121 159 184 182 153 133 92 98 75 128 127 125 126
75 91 104 146 158 187 194 149 198 194 209 203 175 200 228 215 189 176 127 120 133 123 148 159 196 202 209 221 190 174 193 188 172 155 135 123 109 107 90 89 99 80 69 83 112 117 112 117 77 77 71 79 113 95 123 105 86 67 60 74 96 113 95 69 90 151 140 160 170 188 224 232 230 233 247 215 184 144 139 117 126 100 93 138 121 187 174 158 95 77 70 64 85 90 123 110
72 81 136 116 121 179 160 109 129 181 183 197 161 192 211 190 165 162 139 111 112 125 148 167 194 184 183 193 185 160 194 207 196 174 153 139 125 121 116 140 125 76 75 64 111 88 113 132 93 115 77 66 74 93 107 136 96 58 74 64 70 79 70 88 126 185 161 191 198 187 223 225 191 212 212 188 190 148 140 145 125 114 104 84 97 130 161 124 81 89 62 60 71 89 123 104
92 106 91 84 116 134 96 101 138 125 138 166 148 168 201 211 188 129 119 125 144 160 146 208 194 194 161 164 186 153 155 174 190 192 174 169 149 126 135 124 98 87 74 63 66 100 124 137 116 126 92 82 66 94 116 102 71 60 81 66 67 69 74 146 183 181 184 201 208 229 228 208 189 198 186 171 159 123 122 138 146 144 122 95 76 88 109 77 63 63 56 51 78 104 112 111
71 68 63 79 104 116 87 100 108 116 129 156 170 211 224 229 175 160 96 110 168 169 186 210 224 190 190 146 154 139 143 160 163 179 175 174 155 146 153 135 114 100 81 57 69 104 111 105 125 110 82 58 75 102 91 91 69 57 88 105 81 110 142 197 201 178 194 224 224 256 220 184 171 161 155 146 116 104 101 138 123 119 102 115 106 89 78 76 69 69 77 56 55 79 79 107
56 54 81 115 125 119 78 82 101 135 103 104 132 176 171 210 197 132 89 161 175 140 190 230 203 202 187 138 121 124 122 157 178 186 159 163 186 185 151 117 108 115 92 64 93 94 78 93 118 80 63 58 84 116 82 68 83 63 71 87 140 197 199 223 225 187 212 240 247 262 211 186 190 167 131 120 130 121 109 100 89 90 80 75 84 88 82 70 100 92 108 75 52 61 64 74
68 57 59 83 93 89 80 72 94 112 87 84 107 85 102 96 111 85 85 118 131 134 191 217 180 200 175 131 117 113 125 139 144 169 166 144 172 187 142 144 128 115 94 59 56 60 91 117 129 106 68 54 81 100 69 76 58 59 69 98 143 173 202 221 210 212 234 228 221 232 233 219 213 163 153 159 143 146 124 114 91 86 108 81 69 70 72 98 95 71 89 82 55 49 48 71
63 56 80 79 83 79 89 81 70 88 90 70 73 71 78 74 76 75 86 103 107 130 181 200 178 149 202 162 96 130 171 180 189 190 170 133 152 167 159 155 137 102 70 75 55 61 68 65 90 86 66 56 91 71 58 56 62 78 139 128 157 188 214 240 227 210 211 234 206 197 212 196 170 174 189 167 145 123 109 106 117 113 102 86 93 95 77 72 69 55 70 81 71 48 46 45
57 55 67 76 80 73 74 65 74 82 76 67 66 70 85 78 76 76 93 124 146 133 140 172 142 117 142 131 97 101 120 162 152 165 166 130 114 123 139 125 103 91 96 96 85 69 61 55 71 84 58 49 61 55 54 62 67 130 170 179 163 176 203 235 207 208 225 225 185 179 208 186 178 193 171 161 133 138 117 130 132 133 95 116 141 117 92 61 68 63 51 51 51 50 46 43
61 65 66 75 79 71 64 61 63 72 72 63 65 70 74 85 77 80 82 82 111 113 153 159 143 147 112 85 105 117 143 155 151 123 116 111 112 137 165 146 148 120 95 93 76 80 69 51 65 83 73 53 54 55 59 94 104 125 158 185 189 187 207 227 189 187 220 225 202 165 165 167 177 151 159 142 164 146 132 153 143 119 112 133 111 86 71 73 86 83 85 56 52 50 64 58
58 64 62 86 79 70 60 69 74 74 61 58 62 72 67 82 80 86 85 93 91 111 118 155 178 153 130 84 112 130 137 161 142 138 125 104 109 148 167 130 119 116 87 73 61 61 51 50 74 76 57 49 71 70 88 97 142 181 189 178 193 206 230 184 166 173 218 218 195 153 150 148 141 127 132 146 151 157 144 143 134 137 132 111 91 87 84 95 106 80 65 69 68 80 83 69
54 53 64 79 70 54 64 67 61 64 61 68 72 70 78 80 91 92 82 104 93 122 137 172 159 129 119 103 90 116 118 138 131 131 137 107 96 111 119 135 110 91 122 94 75 55 50 69 50 52 59 78 65 104 109 126 144 181 201 205 231 215 209 164 160 173 178 194 168 132 118 141 115 114 103 134 126 137 140 101 100 134 133 105 98 109 103 102 89 75 79 94 71 93 78 50
53 53 60 65 53 56 57 59 71 81 64 65 68 72 86 76 82 102 99 99 113 120 129 142 117 107 102 99 79 88 80 106 117 106 127 124 108 89 88 92 103 87 85 92 81 70 49 59 46 48 55 74 90 115 165 176 181 192 211 214 227 187 174 146 169 169 184 180 143 123 111 101 108 110 103 130 124 103 95 99 89 109 101 127 129 120 97 109 106 102 98 102 92 78 72 61
52 52 48 65 56 55 56 60 61 66 79 79 68 85 86 86 80 84 93 102 131 151 152 178 158 140 125 140 108 108 72 79 108 81 93 92 104 79 75 82 103 87 78 58 63 62 45 61 51 55 72 73 81 153 189 204 209 202 208 192 205 184 138 142 169 188 199 164 131 131 128 121 99 96 92 114 132 132 110 88 80 85 103 98 99 123 103 90 98 89 86 81 74 79 68 67
54 49 56 67 53 68 71 65 82 69 70 90 81 69 74 87 87 85 98 131 134 157 151 163 147 159 135 136 127 104 88 71 103 92 75 96 114 96 87 77 108 104 90 69 55 45 47 63 57 47 51 55 79 128 163 164 174 195 201 175 149 173 136 150 161 179 162 157 150 161 142 137 122 97 94 86 120 138 125 114 96 64 70 68 88 87 110 79 85 94 78 59 68 54 69 64
56 46 52 59 54 89 100 92 93 81 91 91 94 75 79 81 94 97 114 144 143 150 126 134 135 118 130 126 109 85 73 69 61 65 73 88 118 112 86 70 83 86 92 69 73 57 42 59 48 46 53 63 93 107 158 159 149 171 166 161 129 135 138 156 183 191 189 186 154 138 147 138 116 113 104 78 107 132 115 87 79 83 60 57 86 97 96 73 66 68 68 52 44 47 53 53
55 54 84 74 70 68 82 93 98 89 94 89 90 81 84 95 104 93 106 117 138 141 125 122 107 112 100 112 93 91 79 69 76 67 82 109 119 121 101 79 66 56 62 84 67 42 49 51 52 67 86 80 95 143 133 125 117 143 152 155 127 119 146 158 176 164 171 168 153 135 106 134 149 128 103 80 99 119 107 106 102 96 71 52 66 70 83 78 56 70 52 44 39 43 54 48
52 62 94 98 85 101 87 95 99 82 88 92 83 104 102 112 122 100 131 141 160 152 147 136 110 97 94 84 85 76 80 72 57 63 86 88 96 101 100 94 69 59 53 78 65 44 44 42 58 94 162 163 173 168 133 110 93 91 94 107 112 138 122 124 157 133 132 160 148 138 115 113 139 97 81 70 78 84 93 86 79 69 68 54 55 59 63 59 53 51 42 40 38 36 34 40
55 79 101 113 105 95 74 94 102 81 83 86 91 92 93 108 130 120 111 123 148 159 157 151 131 113 91 106 112 99 77 62 57 57 65 65 57 63 78 97 83 67 48 62 66 44 41 54 96 181 216 193 160 168 110 100 104 139 115 106 136 113 101 116 118 121 142 154 163 138 128 92 85 86 81 65 66 62 61 59 67 52 51 48 46 45 51 49 46 44 43 32 31 37 31 37
60 83 104 89 79 70 66 77 74 74 75 92 94 97 94 104 102 122 120 140 152 139 141 137 133 111 115 122 107 93 98 79 71 58 51 51 49 52 59 78 90 79 69 45 47 56 40 84 155 185 165 124 112 141 96 83 132 124 145 135 136 98 100 94 103 111 129 164 177 131 120 117 117 105 104 80 77 74 63 57 55 51 49 48 47 41 41 46 43 42 34 35 35 38 32 31
49 68 94 83 67 67 78 75 74 85 88 82 90 102 107 101 121 117 127 134 138 139 126 142 127 118 133 134 125 109 100 62 58 57 54 64 54 49 52 64 59 62 55 50 45 45 48 122 144 122 113 101 73 109 83 88 136 136 158 168 119 97 85 92 114 150 152 178 185 162 139 142 125 107 106 106 80 72 67 54 51 53 50 46 43 47 43 45 35 33 37 32 43 46 41 36
54 78 84 64 63 76 97 94 84 96 100 95 103 115 121 114 116 130 128 125 120 125 130 145 154 116 103 87 81 72 67 68 76 74 75 75 54 47 47 46 46 49 44 45 45 38 90 98 66 81 70 54 57 89 66 104 91 114 136 111 109 88 81 89 106 119 148 163 177 154 124 132 97 79 79 80 83 61 53 50 56 51 55 59 52 49 42 53 44 45 54 49 52 46 44 36
51 64 61 69 85 97 101 96 103 108 118 108 104 115 127 139 140 152 141 130 110 115 134 130 108 96 93 107 84 88 82 85 90 88 78 74 60 52 48 41 42 46 39 43 45 55 61 46 60 50 49 56 66 57 62 70 82 98 81 81 81 76 84 99 98 113 153 177 177 148 114 103 99 74 77 66 61 56 57 63 74 63 58 63 60 64 48 56 52 48 55 59 55 56 43 43
51 47 65 51 65 88 92 115 120 113 94 80 102 115 125 131 151 135 127 119 107 123 133 135 126 124 120 117 103 111 99 105 124 98 76 56 53 54 52 43 36 38 39 40 43 50 43 42 47 48 54 73 101 71 72 88 93 66 68 77 77 82 84 96 121 157 180 150 163 141 123 114 86 93 71 61 58 67 66 65 73 60 63 68 53 60 59 59 58 54 56 61 54 51 56 55
86 59 47 76 101 102 122 130 125 110 68 81 104 112 135 152 163 161 161 135 114 107 136 169 174 157 140 119 133 137 118 131 102 86 70 66 59 52 51 44 40 33 45 38 34 35 35 47 41 49 61 76 89 89 87 68 60 63 76 81 89 110 102 130 125 164 148 130 165 121 118 109 108 96 68 70 61 66 75 88 70 59 77 65 62 68 57 57 61 61 67 61 51 66 68 79
