imagens/bacia_piratini_360.asc
ncols         317
nrows         247
xllcorner     0
yllcorner     -90
cellsize      360
NODATA_value  -9999
[rows 90 to 134 of 247, columns 0 to 95 of 317]
247 253 244 237 245 265 246 231 204 200 200 206 208 209 237 215 232 246 264 247 290 272 304 328 363 359 371 391 422 454 441 439 428 423 421 395 364 356 332 335 349 340 368 382 366 386 381 344 338 348 357 359 382 384 409 416 407 398 397 412 417 400 416 415 409 417 405 393 407 428 427 408 429 427 425 417 424 416 420 401 370 377 381 341 340 334 324 333 307 305 312 296 293 308 307 316
227 251 233 225 250 240 224 238 207 193 206 200 207 218 258 262 253 248 279 263 297 302 329 356 402 379 420 408 435 452 458 454 433 409 394 363 363 364 350 330 338 337 366 362 387 346 353 343 333 359 356 384 383 385 396 410 389 384 402 414 411 393 399 401 416 422 414 391 393 414 412 399 413 420 412 406 408 415 407 393 377 370 346 347 360 353 343 309 300 323 332 315 305 301 335 359
223 234 221 226 219 201 203 217 217 196 190 198 200 216 259 273 262 278 303 282 309 319 315 333 431 385 403 443 449 449 441 455 467 415 381 391 390 405 366 339 327 333 354 351 399 356 335 326 337 359 371 398 410 415 416 415 399 381 392 399 410 394 383 398 405 412 408 392 381 401 404 385 393 407 408 392 402 404 415 421 401 392 352 352 369 347 341 326 299 331 317 339 328 301 332 358
212 203 209 233 206 198 205 197 208 197 194 204 220 250 245 279 270 273 300 312 304 294 328 369 408 445 406 437 431 438 433 420 430 411 414 399 399 434 376 351 356 334 330 347 372 366 350 327 337 368 374 389 390 412 425 418 395 385 393 413 401 392 372 377 389 406 409 391 373 393 403 375 387 385 387 388 393 397 414 423 400 375 382 377 372 361 344 314 326 335 330 357 330 327 329 365
208 198 221 209 196 199 223 207 202 195 193 202 221 258 275 247 244 246 253 287 283 290 343 341 369 438 418 435 421 436 417 408 427 453 455 451 423 426 390 392 363 341 323 337 356 331 321 339 328 337 365 368 393 403 402 421 410 388 380 388 376 384 372 367 385 399 419 400 375 376 392 362 387 378 367 376 371 388 410 421 410 402 405 409 361 339 318 319 341 348 353 361 334 343 333 354
200 201 211 205 205 201 201 201 225 198 200 211 241 238 246 230 254 263 278 265 291 303 311 351 384 426 427 434 415 442 442 416 422 445 425 447 462 442 429 424 361 359 331 312 351 326 319 318 322 357 350 365 378 380 396 412 401 382 372 372 360 369 365 375 402 414 416 396 377 363 378 354 381 357 353 368 375 379 381 406 410 370 363 360 334 349 338 338 369 349 365 371 343 358 360 371
195 187 200 193 198 214 215 207 205 227 227 241 234 214 221 229 249 234 262 301 302 320 340 369 400 432 444 430 410 416 429 421 400 407 404 419 453 421 426 375 365 361 342 316 318 306 306 307 322 354 375 385 386 399 405 405 392 390 380 366 370 356 365 379 401 412 398 405 377 359 357 354 351 363 372 384 384 401 412 416 425 406 393 346 355 358 334 347 383 365 382 381 347 367 371 367
192 188 200 201 210 227 214 206 206 216 222 217 214 220 239 232 233 235 271 265 288 339 345 385 402 411 412 430 423 404 411 420 395 386 386 411 423 406 432 403 398 388 340 331 322 310 304 331 346 344 347 360 375 393 409 413 409 406 396 379 379 361 354 378 405 398 385 389 386 355 345 354 347 368 390 398 405 427 430 422 391 390 354 370 379 368 340 359 372 376 378 388 380 391 387 375
188 188 190 201 206 211 218 212 204 207 208 215 238 248 253 259 246 274 250 256 266 326 360 367 341 389 427 429 403 399 392 388 377 371 368 378 413 380 428 386 379 371 368 350 357 326 303 369 353 370 376 367 380 391 399 395 410 416 410 399 382 373 355 385 387 391 372 383 381 367 340 342 350 368 401 428 428 412 416 424 412 382 406 389 387 374 370 389 391 401 387 382 396 398 378 365
198 209 197 190 205 202 204 211 217 214 218 219 225 229 260 279 272 270 286 247 261 271 268 305 335 393 381 372 379 397 395 381 377 383 374 356 390 365 405 384 365 387 391 369 349 305 308 377 388 387 393 393 400 398 382 384 411 405 382 381 382 373 351 354 362 366 353 389 386 355 339 354 376 382 425 425 426 391 403 414 419 413 414 401 384 362 386 400 390 389 371 373 394 400 409 375
204 207 194 190 198 217 212 211 222 225 225 250 242 259 259 289 312 280 328 271 277 254 283 279 305 313 299 333 359 389 395 386 393 388 391 358 345 356 392 393 353 382 357 361 340 313 297 312 325 346 366 390 369 344 391 405 416 412 402 389 371 356 362 352 345 344 360 380 359 338 340 352 390 405 413 392 393 394 401 413 399 442 431 404 381 352 388 415 390 366 362 385 392 403 404 412
198 206 201 194 199 202 207 220 235 248 241 251 278 277 294 301 341 317 326 276 315 269 279 300 289 290 304 327 343 378 398 404 418 412 429 409 380 348 351 339 339 351 348 336 353 313 314 341 364 376 378 361 338 352 380 386 414 418 390 382 364 373 367 352 349 341 362 353 365 335 333 353 368 384 392 380 377 405 427 398 372 415 407 386 382 355 342 366 365 358 372 378 403 405 443 451
193 199 209 196 200 210 216 224 250 240 275 296 291 295 309 320 348 332 302 310 323 290 298 311 324 327 296 323 333 382 399 411 422 429 431 433 413 370 337 323 311 307 329 330 332 311 309 317 332 364 343 332 343 369 377 406 424 421 425 413 370 400 372 383 350 349 349 338 333 336 330 348 362 392 371 364 384 397 382 361 361 409 392 374 354 345 332 342 345 350 365 381 397 435 435 427
197 199 210 202 197 210 232 247 247 264 272 307 271 253 282 308 310 278 300 332 330 314 325 356 349 393 345 345 349 371 392 434 414 408 405 423 430 375 352 327 339 316 300 315 292 302 295 323 336 359 329 322 362 390 400 412 392 412 411 395 388 404 400 387 368 337 340 338 341 332 330 336 347 357 339 353 365 380 373 344 353 379 393 353 342 327 339 356 364 354 367 383 411 414 393 364
193 196 208 207 199 207 223 218 244 278 290 293 244 257 297 284 248 257 268 307 306 309 342 358 384 376 342 354 352 381 401 428 413 395 386 415 378 362 355 353 355 320 303 296 290 293 308 325 353 346 306 344 366 387 394 383 394 433 433 408 415 404 373 357 350 343 348 346 342 338 329 328 332 333 339 364 377 377 358 342 351 370 388 357 328 332 347 354 373 368 382 390 417 390 366 356
182 198 217 212 209 200 203 222 256 266 263 252 235 235 235 234 247 265 294 303 284 299 338 361 394 404 357 372 385 384 396 407 415 384 392 377 374 336 338 312 311 292 334 326 296 287 300 333 330 307 318 337 368 351 390 370 408 429 405 408 408 377 361 358 350 350 347 342 342 348 339 335 328 328 336 353 347 366 346 323 342 362 362 343 322 339 357 364 372 381 391 424 431 378 367 339
177 200 212 213 227 198 204 224 218 234 227 225 226 225 225 237 243 262 263 276 265 299 323 374 376 387 386 385 400 402 391 401 396 369 362 349 348 326 337 344 330 296 314 309 294 302 324 313 293 290 318 352 348 319 340 357 383 406 389 416 392 376 371 366 356 356 352 346 351 350 346 339 335 327 344 327 337 366 326 315 331 362 352 331 322 346 337 352 368 375 400 408 400 415 404 332
170 191 194 209 236 230 207 205 214 214 209 211 226 238 248 241 233 236 248 251 270 305 309 341 374 371 387 402 393 380 385 388 394 387 379 363 351 360 363 369 328 299 288 292 289 326 342 311 287 302 306 327 338 321 301 337 364 390 377 381 366 359 365 364 364 366 361 355 355 369 366 352 330 314 329 314 329 331 307 330 344 368 354 340 321 327 358 361 371 387 407 398 403 420 359 324
173 177 192 210 239 239 216 238 232 233 233 235 218 221 224 230 258 255 258 248 273 277 314 332 356 353 367 399 408 394 379 376 369 390 374 385 362 376 358 326 308 311 292 290 288 286 310 292 286 318 342 345 327 310 288 315 344 355 369 352 353 362 365 389 397 396 396 389 390 403 354 342 321 305 303 309 316 308 318 328 347 354 327 326 320 355 383 381 383 390 398 390 364 375 352 346
176 181 197 231 225 242 236 234 249 255 238 243 224 240 228 239 254 280 306 269 265 277 292 315 310 356 386 408 413 393 378 361 359 380 396 393 383 357 326 307 297 293 292 299 291 282 282 281 282 317 307 341 318 296 290 318 343 379 366 343 342 362 375 388 368 390 414 403 393 388 368 355 335 315 302 297 302 316 323 345 360 346 305 322 354 366 377 356 360 364 374 402 382 343 364 370
176 185 203 241 234 267 254 229 256 265 245 249 247 248 237 232 251 277 308 295 275 283 305 326 364 374 373 414 408 399 380 368 367 389 403 402 367 350 327 312 323 332 316 305 292 288 278 280 276 278 314 325 341 306 282 315 345 362 326 337 378 383 374 377 363 388 382 401 395 379 360 335 323 319 304 297 320 325 320 334 356 345 293 328 355 337 380 347 361 343 376 397 400 347 324 323
178 184 204 229 259 287 267 259 258 271 270 264 241 249 240 230 267 310 320 311 280 302 322 343 361 404 404 400 392 390 381 379 357 380 379 393 381 352 343 333 363 333 317 291 304 298 288 292 282 278 302 310 323 299 292 312 310 297 337 332 360 368 359 357 349 374 395 373 367 372 362 360 330 323 303 300 329 339 330 346 358 321 301 335 311 346 388 340 350 334 356 366 385 386 332 312
185 189 204 219 252 255 264 236 253 268 252 267 273 255 252 249 254 298 320 321 307 309 374 401 422 417 400 389 378 387 409 382 360 372 355 377 384 382 379 364 369 337 306 307 321 317 312 276 275 273 271 308 285 297 269 314 283 284 303 316 372 365 347 345 355 379 381 353 361 365 344 347 348 328 296 291 307 323 345 353 354 308 290 314 317 333 388 329 326 335 343 362 369 394 354 344
206 198 213 229 245 224 224 241 258 235 236 241 252 263 256 259 265 261 295 318 318 340 399 404 409 416 414 412 388 382 391 385 352 347 345 355 376 369 394 369 328 321 319 323 326 323 301 293 290 295 270 283 286 287 269 284 277 298 314 331 372 352 327 345 367 386 366 351 341 352 351 329 314 313 289 307 336 350 352 354 330 293 299 295 297 316 333 327 329 359 366 371 388 425 363 338
219 226 219 207 210 216 220 240 231 238 247 249 247 264 288 248 258 295 282 307 327 380 409 394 406 422 413 401 385 365 387 372 352 331 337 355 356 335 363 371 351 330 327 348 334 308 291 316 303 291 271 269 269 265 263 282 287 294 318 326 347 342 317 339 350 368 350 349 319 337 321 307 305 286 302 312 342 352 329 349 312 272 269 282 298 307 312 332 337 355 376 381 370 439 363 351
229 231 238 234 215 229 223 230 236 258 253 267 253 274 289 291 276 302 312 311 388 395 389 384 409 409 409 398 381 366 366 378 358 343 326 342 322 339 358 372 352 346 342 355 342 332 314 317 320 311 269 285 277 272 263 279 314 305 326 335 322 330 309 341 341 332 337 329 314 323 321 298 283 292 310 334 339 330 310 328 288 261 298 300 290 328 340 363 359 367 368 353 383 404 338 343
253 250 249 247 230 244 235 241 226 244 268 277 253 303 313 318 287 299 330 339 328 379 367 385 392 386 381 388 393 368 354 385 338 356 319 316 319 335 354 371 365 360 355 352 318 320 322 302 294 273 277 287 272 262 267 287 322 323 319 316 307 315 298 291 311 324 332 312 302 307 321 308 302 286 301 331 353 328 303 302 287 273 316 315 325 329 366 372 381 373 352 357 367 371 336 314
259 259 257 247 247 255 249 256 235 235 247 262 278 268 311 321 295 331 343 388 355 398 367 377 374 362 369 385 379 373 356 347 316 325 332 308 323 341 373 389 380 363 356 326 301 294 286 281 274 273 307 303 289 282 260 293 342 332 323 316 303 297 297 293 301 312 326 315 299 289 294 291 280 289 311 334 340 321 309 279 264 268 285 304 328 331 330 309 337 347 320 357 375 388 368 328
236 248 243 239 236 243 257 261 259 241 240 256 287 296 294 317 308 336 384 400 406 383 363 347 345 362 375 399 374 367 350 343 336 321 309 314 338 362 373 375 368 335 317 293 289 291 309 282 303 310 320 321 294 284 264 312 300 291 297 334 303 288 278 317 329 331 350 343 313 313 280 275 281 280 326 346 378 381 333 274 265 298 302 340 322 323 323 306 337 337 327 359 400 396 380 343
221 224 230 218 215 235 252 267 257 268 260 262 258 278 311 328 353 336 379 384 395 389 363 343 338 354 380 393 376 379 379 352 338 305 306 323 335 361 367 362 371 333 309 323 304 293 309 300 311 326 327 304 308 294 258 277 256 283 318 345 336 324 281 333 381 369 372 374 336 321 289 269 299 312 327 341 355 340 311 263 256 284 310 306 275 281 293 288 319 309 352 353 418 369 335 339
217 204 219 205 222 222 246 240 247 232 263 282 288 280 290 326 376 375 386 374 375 353 365 339 328 350 360 381 366 379 374 356 346 317 308 326 345 342 336 354 361 318 349 317 322 311 338 299 327 335 328 333 323 304 255 246 286 286 323 337 335 351 283 322 352 354 356 339 343 332 281 274 313 345 343 374 373 328 290 260 246 269 287 258 264 270 278 299 298 312 332 360 381 358 310 296
194 217 200 202 208 222 226 224 219 233 237 258 295 297 321 338 368 381 368 357 368 338 344 347 328 325 353 372 354 372 357 360 332 311 300 314 325 324 357 360 341 342 344 321 324 319 340 315 336 344 350 335 323 304 258 245 263 308 313 306 297 305 286 253 289 332 328 322 283 276 226 287 341 372 391 389 335 311 266 266 243 265 262 262 287 285 278 305 310 309 326 381 371 345 318 299
183 197 210 211 204 203 217 212 219 247 259 277 280 285 318 356 374 357 358 346 339 331 328 333 334 317 333 353 351 348 328 351 332 321 297 308 317 330 344 361 341 354 342 340 338 347 352 334 353 321 314 303 277 276 270 259 251 280 296 305 270 306 277 251 301 327 336 320 301 232 216 281 321 348 351 370 330 277 247 229 235 246 251 294 283 304 293 301 310 331 350 385 355 334 315 308
199 214 211 231 203 212 213 229 239 232 256 284 313 287 324 356 382 370 372 355 335 355 333 319 316 317 320 330 343 344 317 354 347 302 302 315 325 341 340 359 364 367 374 348 359 368 357 364 348 324 311 304 297 294 288 244 256 255 281 306 277 250 239 233 234 233 266 280 262 236 205 237 260 309 322 295 278 274 240 238 241 227 247 257 278 326 327 315 333 349 424 390 367 362 308 303
210 222 208 234 207 220 242 230 244 263 268 265 304 330 334 328 341 372 377 359 342 353 340 333 330 317 309 313 338 327 314 369 329 295 292 332 328 316 322 337 345 360 380 371 356 358 333 326 325 340 312 297 269 291 305 252 234 237 233 253 269 270 243 230 225 211 231 251 248 223 217 238 271 307 315 280 262 245 243 227 231 227 244 271 291 326 289 326 347 378 427 412 373 333 330 318
212 217 220 237 225 211 249 250 263 261 293 310 321 325 314 293 329 348 368 366 354 363 346 328 322 327 320 308 325 302 318 348 310 291 307 297 303 335 345 360 360 364 378 362 342 321 323 307 302 287 288 283 281 260 256 271 238 232 236 247 259 271 268 266 236 211 204 249 285 240 218 196 217 272 263 254 276 237 221 225 235 251 249 271 290 280 292 315 341 354 399 440 376 344 335 338
215 224 235 235 250 222 214 246 264 257 280 289 277 279 274 297 306 324 371 372 367 350 336 336 327 333 325 314 305 299 321 342 306 294 301 311 325 327 339 346 358 349 353 358 342 349 335 322 296 315 311 289 305 262 237 237 234 244 258 246 232 257 246 257 237 215 207 213 267 267 230 203 198 224 217 244 278 237 219 239 266 274 256 263 279 283 320 327 349 374 414 443 375 359 340 351
229 248 255 250 250 221 221 227 227 235 242 248 264 263 277 285 300 329 369 374 361 356 343 345 332 344 330 323 318 306 316 330 322 308 287 290 307 302 326 324 332 348 362 371 365 349 335 308 312 339 323 306 327 282 241 264 253 229 242 215 209 226 229 217 209 202 205 203 218 242 230 199 204 201 233 257 248 233 220 233 245 265 246 265 267 278 305 317 352 383 426 414 396 366 359 380
247 246 272 270 250 241 239 256 244 240 247 273 273 288 291 283 309 311 343 370 371 366 361 351 345 357 320 333 318 298 295 314 312 286 292 298 312 319 307 322 340 357 363 370 360 347 329 314 338 360 314 324 321 277 243 272 262 224 218 248 238 214 216 232 240 200 205 219 250 253 253 211 208 232 236 274 252 220 215 238 257 260 240 261 269 296 323 352 349 399 396 365 361 358 358 363
221 227 234 242 261 268 273 268 258 256 261 251 253 272 298 315 350 350 367 367 349 336 350 338 346 312 305 314 296 298 289 286 313 285 290 311 321 333 320 333 332 348 357 367 357 350 344 337 340 319 315 322 295 261 255 286 286 244 242 265 263 260 256 257 241 198 196 217 215 236 227 191 206 239 252 256 235 220 210 215 232 250 233 272 287 296 334 332 340 422 396 357 340 325 321 329
214 228 248 259 252 274 288 288 275 268 278 259 259 281 296 353 352 364 374 349 359 341 332 329 325 335 333 318 333 302 289 303 320 291 279 295 313 337 352 353 352 367 362 367 377 356 364 357 336 309 312 291 270 268 272 304 268 277 263 258 236 232 233 225 212 197 210 193 197 190 198 187 224 249 278 268 249 238 215 216 233 243 237 244 275 308 314 301 340 427 403 367 331 321 306 327
220 254 267 272 283 262 306 324 292 277 269 268 278 314 323 341 355 386 366 363 384 355 354 333 353 340 345 330 354 308 280 299 282 300 275 305 313 316 346 370 370 362 345 355 358 380 362 348 336 337 308 310 291 293 293 314 284 260 253 246 258 248 252 257 240 231 231 194 210 204 211 193 213 236 277 232 212 213 209 221 233 232 229 261 281 284 290 299 313 388 423 348 346 325 311 317
213 224 241 273 309 301 292 317 286 288 279 275 297 307 351 370 381 396 390 385 393 371 370 346 374 358 358 352 344 323 284 275 273 275 284 314 326 340 344 363 359 356 349 355 361 368 362 343 335 337 319 327 316 306 307 293 273 273 278 252 283 250 260 279 263 262 251 205 237 226 204 185 199 239 226 243 226 216 202 200 223 217 242 267 287 271 270 290 318 368 430 354 335 326 298 312
225 241 259 256 294 333 321 321 304 301 309 305 307 320 336 374 395 403 404 404 401 389 369 364 375 368 370 371 339 332 308 290 277 271 271 281 313 309 313 346 327 327 333 339 362 358 346 352 347 330 326 336 334 306 290 294 280 278 285 271 282 281 260 288 287 283 239 231 268 204 178 210 224 191 218 248 255 233 203 214 217 227 230 261 266 274 263 291 300 349 416 351 327 309 297 316
246 243 256 273 298 324 345 344 314 333 317 342 334 324 346 381 382 406 413 407 401 395 397 390 386 385 380 341 312 299 303 288 263 264 266 290 306 324 322 347 329 320 350 359 366 351 344 353 358 350 351 347 311 300 300 310 297 293 296 296 299 292 268 294 271 256 250 243 257 184 179 183 179 197 224 243 227 193 197 211 216 222 246 264 262 252 271 274 283 318 388 340 313 310 289 304
