imagens/bacia_piratini_360.asc
ncols         317
nrows         247
xllcorner     0
yllcorner     -90
cellsize      360
NODATA_value  -9999
[rows 0 to 44 of 247, columns 0 to 95 of 317]
295 288 262 235 259 268 265 292 288 265 243 255 268 286 249 237 237 237 238 264 303 254 296 324 384 363 352 355 353 363 394 387 395 385 427 421 419 379 378 309 288 285 272 250 229 250 270 281 279 249 294 246 229 251 301 252 252 281 272 261 213 211 191 173 193 166 167 220 210 229 216 208 190 196 233 268 250 262 283 327 302 343 285 244 265 251 215 258 322 327 353 359 362 355 318 347
336 291 255 237 269 312 305 292 294 273 272 253 281 268 255 290 295 249 242 265 304 258 272 328 321 338 375 392 380 385 385 400 407 398 392 426 418 325 303 297 279 262 254 254 264 260 305 285 303 273 280 266 260 281 249 221 224 262 241 254 236 214 197 181 163 168 186 186 229 260 260 224 240 209 205 212 212 263 263 281 329 342 307 319 272 219 234 251 277 296 307 347 368 345 332 356
290 272 249 246 269 265 278 303 314 326 283 281 297 277 284 281 245 245 245 261 300 297 308 289 294 345 365 356 357 371 409 419 383 348 408 368 305 299 309 286 299 303 288 267 297 281 315 300 305 308 310 275 235 255 240 225 228 249 212 205 194 205 206 179 167 169 209 174 223 233 267 269 231 237 228 212 239 252 266 279 311 356 334 328 266 235 275 294 312 323 346 363 388 381 344 365
284 279 239 262 273 248 257 272 287 288 321 288 306 308 291 280 246 254 252 301 323 309 333 317 308 359 317 347 363 374 397 401 385 371 344 348 317 337 329 306 306 323 285 280 324 305 319 326 320 264 249 257 245 218 213 212 191 214 223 214 182 173 180 166 173 221 168 180 210 232 269 261 249 256 261 236 219 262 298 304 318 354 356 330 288 254 241 258 289 321 315 354 372 383 359 352
246 244 274 240 243 236 251 260 266 297 322 297 313 296 273 303 248 248 252 290 313 327 359 353 329 322 318 360 379 403 399 402 389 356 330 341 334 356 344 328 322 336 310 306 338 327 326 303 298 260 248 231 242 217 228 208 217 181 173 174 168 169 169 163 191 222 201 210 180 206 230 284 277 301 278 283 228 226 245 273 312 350 352 300 301 258 234 300 338 322 346 334 360 374 380 377
254 262 273 259 240 242 274 299 320 313 305 333 323 319 285 307 246 252 260 296 344 355 361 370 328 380 326 338 374 375 382 392 374 369 360 357 353 379 341 322 339 325 325 328 326 317 307 300 256 225 230 232 238 247 245 234 223 221 200 169 175 196 169 181 201 212 223 221 201 189 231 235 243 283 298 310 248 265 271 310 289 341 369 340 286 276 272 266 282 302 329 381 346 353 382 358
264 251 261 241 273 262 245 284 278 293 271 314 319 335 322 282 259 258 262 296 381 367 376 369 361 392 354 356 379 386 402 402 410 386 373 345 356 379 328 306 323 306 316 296 290 311 286 265 262 228 210 202 212 223 209 212 200 210 214 171 181 168 177 207 185 197 205 238 227 202 192 207 257 245 296 305 313 283 279 285 339 343 351 319 322 308 273 245 240 302 325 325 298 361 350 342
255 284 254 264 293 310 293 250 291 265 277 297 332 325 307 275 258 266 281 267 389 347 367 382 393 392 375 367 367 394 411 415 393 382 380 372 363 355 322 299 304 272 292 279 262 287 266 256 257 262 218 205 198 197 211 188 186 170 173 178 171 168 169 183 195 203 230 225 258 222 214 214 214 232 280 311 339 308 298 309 279 288 326 349 324 311 320 290 249 271 262 277 302 306 325 354
269 250 305 271 293 318 282 255 256 269 259 291 320 311 321 306 264 271 290 275 307 309 362 352 362 381 454 402 369 397 413 409 392 385 366 364 366 335 336 302 274 286 255 235 234 292 249 245 256 240 238 229 201 195 185 200 202 193 172 173 188 182 167 170 181 213 244 255 240 266 254 242 206 229 286 317 311 334 304 309 316 287 329 357 361 351 326 269 310 267 290 306 304 316 352 365
289 251 278 291 332 303 309 259 269 312 255 268 278 297 319 290 307 283 328 286 279 319 308 330 363 385 427 384 370 401 421 411 378 386 363 346 374 345 316 295 278 277 258 240 219 227 227 217 226 249 201 221 215 241 221 202 207 215 171 204 211 199 187 167 187 238 261 289 275 283 246 273 255 234 232 282 284 325 331 312 357 307 313 335 388 373 316 291 307 264 271 279 316 327 333 368
296 274 286 306 328 341 287 274 314 321 264 261 291 299 310 322 348 329 329 315 283 328 333 369 378 420 425 397 403 419 406 407 383 356 340 320 352 347 321 313 293 292 288 256 234 217 214 199 222 215 189 216 252 218 188 185 223 225 191 206 249 216 195 174 200 249 262 275 290 307 286 286 240 256 226 222 284 323 367 368 354 343 355 357 358 355 316 325 334 330 281 307 305 361 374 370
298 310 265 313 323 359 351 281 291 314 283 266 264 289 319 340 331 359 317 288 292 318 324 365 402 438 411 404 409 402 394 389 378 398 345 325 324 349 345 338 337 321 298 245 272 259 223 195 209 195 185 225 232 199 176 184 257 176 212 215 223 200 204 175 171 195 223 224 283 323 290 325 253 285 237 268 311 350 351 370 369 355 380 376 368 353 340 338 349 323 270 313 339 328 352 358
274 312 274 286 308 349 305 297 332 288 326 279 298 287 286 315 369 350 313 304 315 347 345 375 406 431 418 398 377 395 384 349 361 375 360 330 313 308 324 317 312 292 281 290 282 237 214 195 195 187 188 241 228 180 181 181 197 182 244 241 239 229 193 171 177 178 210 240 229 268 290 302 303 301 262 243 288 276 321 345 366 363 383 381 386 384 358 374 360 327 275 304 307 327 347 370
291 296 316 269 305 349 355 327 328 318 323 286 276 290 310 314 359 339 320 299 340 345 377 403 435 421 418 399 387 364 338 322 330 359 345 342 316 295 291 323 269 284 340 302 250 233 211 205 210 193 181 216 211 173 204 183 192 212 229 243 231 174 177 174 204 195 181 184 219 260 305 316 328 299 319 278 286 250 319 314 320 333 353 343 368 377 399 396 376 321 339 296 330 359 363 369
300 351 311 280 275 294 304 310 341 343 303 274 270 301 324 345 369 321 298 310 368 342 382 451 425 426 427 399 387 361 350 345 335 322 336 347 323 292 310 258 242 290 319 289 248 237 231 218 204 188 186 206 183 196 244 182 177 199 232 234 197 176 193 187 226 210 210 185 207 227 268 265 312 342 322 318 305 258 267 284 280 288 297 335 363 387 387 393 360 354 317 299 319 338 343 347
275 309 314 323 296 296 291 332 351 312 292 271 288 292 309 330 348 322 296 322 359 363 387 427 422 412 423 378 386 371 375 360 339 287 343 383 330 309 273 270 239 269 286 268 252 242 238 229 195 186 192 184 184 218 265 177 192 237 204 247 205 175 202 196 233 229 274 207 196 234 300 303 357 335 326 325 318 316 276 351 331 317 330 306 329 351 352 365 337 328 295 330 308 315 355 376
264 275 287 316 304 328 309 309 309 319 287 273 286 323 329 346 347 336 302 325 378 396 415 431 413 392 395 386 357 357 330 335 328 316 279 344 365 317 260 272 226 251 279 248 236 221 210 226 204 199 190 223 205 258 214 192 220 224 176 177 187 180 204 240 241 274 248 242 219 223 291 294 307 280 276 308 324 354 331 308 355 333 339 315 322 324 346 368 347 359 333 346 313 339 336 351
268 305 311 300 325 336 326 301 322 317 299 280 303 329 335 354 322 312 309 321 355 382 427 431 414 401 374 376 356 333 328 325 305 279 282 324 269 249 233 240 232 236 282 231 215 203 211 213 196 188 201 201 248 266 195 206 237 196 181 186 192 183 196 246 259 267 277 299 269 205 204 277 252 224 278 273 319 351 345 338 352 343 342 329 335 326 356 371 359 377 327 357 341 329 349 356
269 269 263 293 326 336 317 319 321 299 286 299 330 341 357 339 343 361 331 313 330 360 370 382 385 411 383 346 337 339 344 345 298 323 308 279 271 259 283 256 253 233 235 242 230 210 193 195 191 192 233 235 240 256 212 214 184 183 227 209 233 194 180 198 222 281 293 320 294 211 257 205 205 226 236 270 285 290 339 361 352 356 363 347 343 339 368 378 393 377 325 357 354 372 334 351
287 269 301 275 314 300 312 328 323 298 297 333 349 345 371 369 367 332 320 329 319 335 373 357 384 394 366 346 353 370 365 382 337 367 333 296 287 291 304 281 225 233 215 214 213 209 199 197 190 199 245 250 264 228 218 200 186 212 220 250 246 205 183 227 246 318 344 291 251 267 298 251 264 223 214 249 259 319 325 318 344 343 373 362 362 374 368 392 379 356 351 352 380 353 336 343
312 269 312 302 275 284 326 340 301 312 316 345 365 360 379 347 336 345 309 346 362 343 348 364 370 385 369 371 379 390 378 358 379 368 316 310 303 308 259 247 263 233 203 208 202 200 192 192 199 202 236 276 222 220 205 188 197 225 226 255 216 188 190 205 292 307 311 308 253 309 248 319 285 292 262 214 232 281 287 305 317 336 361 385 381 390 381 389 371 384 383 364 410 356 336 346
312 272 326 288 274 309 300 288 295 305 332 356 397 358 369 359 356 362 325 351 379 374 359 368 357 374 395 372 400 429 381 375 363 339 325 324 299 275 284 284 270 225 197 195 195 191 196 199 206 234 232 252 216 204 194 199 204 256 258 271 208 181 216 220 256 306 321 286 298 348 283 355 313 244 271 257 250 283 324 337 342 344 363 384 403 401 406 403 381 397 366 380 398 350 336 343
299 278 305 318 292 306 326 312 304 313 360 391 371 337 378 395 372 345 319 378 375 393 381 378 371 385 393 402 397 402 392 376 358 352 344 332 291 290 301 288 226 200 204 203 196 195 211 208 210 243 251 226 231 210 195 227 212 245 286 262 219 181 221 235 250 289 277 270 346 379 309 370 317 295 285 266 248 298 300 322 343 363 362 383 383 379 391 395 406 388 376 395 387 346 360 352
291 288 311 309 285 301 300 297 313 337 356 388 347 332 372 400 348 354 331 346 357 387 395 389 393 402 394 413 405 373 368 384 347 335 328 333 329 313 266 230 214 198 205 205 196 209 200 213 226 227 205 197 208 217 188 228 256 260 289 260 207 215 184 227 221 247 231 305 367 356 367 328 305 292 306 270 276 284 278 294 307 318 342 370 367 365 367 390 401 398 397 407 354 363 366 360
302 286 324 297 284 286 293 300 326 353 354 381 323 338 373 396 369 349 345 358 367 375 379 385 401 410 406 393 385 343 352 346 332 328 313 332 304 287 243 243 205 204 211 210 199 206 203 228 258 225 201 196 199 223 204 220 245 283 295 281 248 247 187 217 214 198 227 228 327 348 329 326 315 299 303 325 277 323 303 325 350 353 336 340 338 339 366 371 389 409 398 371 361 374 357 355
336 294 317 323 335 292 281 319 330 353 321 327 326 340 373 401 388 381 354 347 363 359 390 389 408 398 378 356 370 334 335 313 301 297 274 293 293 247 221 211 212 213 232 231 202 214 220 232 237 230 197 198 195 194 190 246 235 271 313 265 223 249 231 202 249 214 235 278 251 274 287 303 315 340 343 330 353 351 313 343 362 378 368 361 352 361 359 364 391 405 403 370 374 389 356 368
306 300 321 346 334 291 298 292 292 301 327 345 351 355 378 385 387 401 360 355 380 374 391 402 403 389 356 330 349 350 312 286 288 256 233 282 270 268 236 203 208 216 252 214 216 245 259 247 225 213 201 212 197 193 226 240 273 290 283 247 260 205 203 255 256 233 225 261 295 276 285 296 331 332 356 359 373 360 332 349 375 381 384 398 375 387 389 379 377 398 397 382 390 391 363 372
343 304 342 355 351 321 331 333 329 315 337 368 361 380 385 363 382 388 372 375 385 387 399 381 368 366 378 333 314 316 322 274 263 254 232 255 270 236 218 209 209 251 230 212 247 235 257 250 235 210 202 231 234 221 234 283 283 306 280 281 259 199 245 278 274 232 208 240 291 266 292 323 339 354 361 385 385 373 355 343 349 355 360 380 397 407 382 409 405 382 387 396 396 398 389 374
341 317 326 347 359 335 347 332 354 326 328 364 357 373 360 356 367 360 363 388 389 404 402 384 355 350 368 347 313 287 285 265 273 273 249 233 225 223 210 210 227 274 258 217 247 249 224 236 207 205 214 259 236 241 249 276 319 304 260 223 202 204 262 272 279 237 231 203 223 262 319 303 326 359 367 374 391 372 362 352 371 375 380 372 379 396 412 427 400 384 389 400 412 404 391 395
347 344 358 363 351 351 363 359 345 351 325 321 325 340 351 355 353 362 357 386 394 439 400 384 349 342 326 330 330 307 280 308 314 276 265 262 233 214 227 221 249 266 260 233 255 242 218 206 202 202 232 294 247 310 247 306 293 251 213 207 230 218 263 301 280 286 260 233 210 242 250 294 338 353 359 373 392 393 390 367 372 389 392 385 385 418 434 427 402 398 399 410 421 397 400 411
329 345 356 351 365 372 358 341 342 365 372 351 342 342 358 360 341 351 351 375 385 423 410 378 346 337 323 299 297 284 294 312 321 288 255 246 219 231 249 238 237 256 252 254 230 240 230 203 210 213 267 304 261 300 307 329 312 323 244 216 242 268 275 327 297 249 228 213 256 247 250 275 316 339 361 392 388 386 387 395 381 393 397 403 411 416 413 419 418 416 405 428 414 395 405 407
321 329 338 323 342 337 332 315 339 365 376 334 361 354 360 374 358 321 340 373 385 395 371 353 354 333 336 322 294 317 303 315 320 299 294 246 214 223 243 266 266 274 249 236 231 218 208 222 217 237 241 274 282 310 332 336 340 286 252 215 222 226 238 289 275 282 245 254 238 271 247 315 332 351 358 359 360 363 381 388 402 397 414 418 432 421 422 423 419 422 422 408 395 377 397 401
315 307 305 321 336 326 327 300 352 379 346 323 368 372 361 373 363 313 352 369 386 407 384 384 367 361 329 334 333 320 329 332 327 294 262 239 256 223 227 258 274 256 227 227 210 212 229 231 225 284 254 295 304 340 300 346 285 269 262 206 235 248 212 255 278 286 297 316 284 274 259 286 307 335 330 331 350 377 373 375 385 406 435 449 422 403 414 420 412 418 410 400 372 368 386 398
327 297 301 325 311 324 313 299 335 369 323 317 356 368 362 366 351 317 321 351 370 390 385 356 340 338 335 311 323 354 361 323 288 257 240 243 226 250 250 262 282 268 215 214 214 214 242 233 257 301 274 317 339 309 324 268 250 228 210 238 226 262 216 245 286 371 307 317 314 292 296 284 280 306 322 329 334 347 341 367 377 418 442 449 389 396 418 411 395 389 403 389 385 353 366 402
322 297 276 312 288 296 290 293 322 340 307 335 359 367 352 361 355 312 312 335 365 387 408 360 359 358 352 317 324 349 355 318 297 265 245 239 226 245 275 256 268 250 229 233 218 223 210 234 292 300 320 319 343 262 249 251 244 230 227 228 238 270 258 262 254 253 290 323 336 324 324 328 298 285 299 307 315 340 350 373 398 409 396 383 376 398 407 379 378 405 395 387 368 355 343 392
335 301 282 289 271 284 281 302 337 315 312 338 360 349 359 369 340 305 312 317 367 384 376 372 371 372 345 350 335 353 342 306 287 243 256 237 270 268 280 282 296 262 264 251 227 221 215 232 288 310 351 319 291 282 250 215 238 257 231 237 264 319 346 297 238 266 296 337 329 332 328 337 335 339 295 292 314 313 312 328 346 350 355 357 395 389 362 362 394 393 390 402 379 365 329 382
320 308 277 268 273 299 303 305 294 328 319 327 340 338 351 364 338 299 305 314 335 359 397 372 372 370 372 372 345 339 336 290 273 260 232 264 254 260 309 296 264 252 279 256 220 215 220 257 334 346 314 320 297 289 242 242 286 296 239 253 280 273 316 288 289 253 259 282 302 294 333 383 355 345 323 311 316 335 321 318 321 330 344 369 363 343 349 349 378 368 392 400 372 373 347 348
315 295 280 271 302 294 297 331 329 337 307 324 323 357 364 355 348 301 307 314 339 366 346 355 366 348 365 364 356 358 322 283 262 251 239 290 271 294 298 274 242 238 259 232 217 235 263 278 285 337 293 270 290 269 224 259 254 291 244 232 248 250 289 324 309 283 266 257 285 298 358 377 385 348 341 350 345 355 335 352 362 363 346 349 355 356 372 353 357 370 382 387 376 359 348 328
324 299 284 264 269 281 289 319 347 327 293 309 333 354 369 341 334 299 312 338 344 364 355 358 333 334 357 360 347 331 323 298 245 235 278 275 305 282 273 266 245 227 244 224 231 243 285 301 323 298 292 275 250 224 224 260 275 308 256 242 254 280 313 324 299 265 286 298 304 291 323 326 366 376 349 379 392 393 373 327 360 383 343 363 370 373 380 370 376 362 375 396 386 365 360 335
324 309 278 272 300 299 306 309 337 329 304 325 339 357 352 344 313 293 325 361 352 335 322 313 341 357 352 346 348 340 311 281 242 250 299 288 298 255 260 251 233 237 233 234 255 241 303 332 314 321 320 260 249 272 241 248 307 299 258 238 281 290 301 324 292 277 306 333 349 325 330 321 340 359 374 374 392 392 367 346 345 373 376 370 362 373 385 390 375 383 378 398 393 358 355 366
304 287 279 268 281 320 305 337 338 308 310 337 349 345 356 328 300 298 323 339 334 337 321 310 319 323 324 335 342 324 272 246 246 282 303 323 299 277 240 236 246 231 223 234 291 268 277 300 352 299 296 299 285 241 257 248 298 310 277 241 283 300 345 321 334 281 285 296 304 345 340 335 331 365 371 382 404 390 367 385 353 360 395 388 385 368 397 399 385 388 377 404 392 387 383 357
275 265 260 264 287 295 313 304 325 287 317 318 320 336 349 332 309 285 307 321 328 319 303 313 296 303 326 356 344 326 278 248 274 321 327 321 270 261 239 234 273 240 249 260 280 292 288 343 347 337 330 315 255 272 250 280 308 329 281 263 285 319 352 363 331 313 289 303 329 328 355 333 334 333 350 358 387 403 399 376 359 370 383 398 395 374 406 392 389 399 393 408 388 372 381 365
295 282 263 262 268 293 297 281 286 297 318 302 327 328 331 319 308 285 286 320 341 318 298 292 291 314 331 343 314 312 262 275 336 322 287 286 274 249 240 256 267 273 305 287 272 312 295 324 346 324 309 297 257 284 295 299 330 305 272 262 275 309 353 362 319 310 302 314 329 372 391 352 359 343 350 340 364 400 404 386 394 365 371 391 399 390 402 375 379 403 399 385 376 377 359 377
273 259 258 274 284 309 283 307 313 317 309 307 317 326 320 315 292 285 278 302 329 314 305 286 294 323 322 322 312 289 265 306 327 317 297 264 256 244 239 257 287 317 332 283 292 319 342 342 314 304 273 267 257 347 329 290 324 296 261 272 310 317 343 366 337 320 300 300 323 374 408 374 341 357 381 361 359 384 398 398 398 369 374 406 436 420 402 378 367 376 397 374 352 376 369 345
275 262 253 278 293 301 274 307 316 297 292 303 325 334 327 310 311 294 281 305 313 315 310 286 290 313 322 307 301 285 286 327 330 316 308 267 256 250 244 266 280 319 308 316 339 330 347 335 315 270 295 278 278 323 329 289 332 289 264 302 329 356 366 370 345 317 294 300 332 380 386 387 355 343 369 387 369 370 391 407 389 378 367 392 436 412 410 372 350 376 399 384 365 341 372 364
