imagens/bacia_piratini_360.asc
ncols         317
nrows         247
xllcorner     0
yllcorner     -90
cellsize      360
NODATA_value  -9999
[rows 180 to 224 of 247, columns 96 to 191 of 317]
138 137 162 147 134 121 95 84 80 105 101 106 99 92 91 94 93 101 124 122 93 73 73 72 107 95 88 86 88 63 61 66 70 65 71 82 65 63 58 61 72 99 117 162 153 95 54 55 66 82 87 110 97 77 62 56 52 48 57 79 64 70 89 99 84 79 86 63 69 65 76 69 77 75 61 81 81 102 99 76 72 62 60 51 41 39 40 39 38 42 35 28 36 34 32 29
173 162 149 118 110 94 85 81 87 87 87 83 74 78 75 73 69 80 95 108 94 72 67 70 62 62 78 97 75 65 77 102 98 88 99 106 69 83 103 66 108 115 117 142 127 64 76 71 75 97 118 125 82 68 83 81 56 63 85 91 69 88 112 104 77 106 98 79 74 89 82 82 90 79 76 93 96 78 86 111 98 85 85 50 41 42 39 39 36 40 36 40 33 30 32 32
151 138 135 135 111 109 117 92 109 87 82 86 88 117 102 109 109 98 72 78 68 92 83 67 66 67 65 61 66 58 89 114 93 100 98 75 70 109 118 70 125 143 128 140 100 76 93 82 100 121 133 103 81 104 104 78 59 81 113 112 84 122 138 109 107 117 109 75 86 97 99 90 104 96 91 75 78 68 65 89 89 77 70 56 37 35 43 46 42 42 48 36 36 35 35 35
176 154 167 163 126 133 148 124 114 94 116 112 102 112 131 116 92 88 92 79 88 105 98 92 88 69 94 86 90 69 71 101 124 123 106 76 85 100 102 75 95 126 119 136 111 98 90 93 114 133 124 100 104 121 102 62 71 99 127 144 115 133 113 121 105 121 114 95 116 109 133 118 141 117 90 86 69 58 63 81 86 69 59 43 36 48 49 48 48 53 38 40 54 45 51 41
194 171 179 145 124 154 180 143 133 108 129 101 112 123 104 81 85 77 88 79 91 101 122 98 101 81 106 95 109 76 89 86 121 98 100 80 107 128 122 86 119 100 125 151 108 127 100 127 119 135 120 129 123 130 92 78 89 113 165 153 135 113 84 88 83 85 103 127 145 101 150 161 93 77 76 65 63 53 66 79 84 53 40 41 42 55 64 59 69 42 43 44 85 55 70 52
227 193 165 138 152 184 163 146 136 133 126 113 115 97 82 85 89 92 113 85 88 104 116 107 112 107 130 114 117 86 115 110 123 102 84 94 129 151 162 101 138 123 129 153 125 136 124 142 138 143 139 159 161 120 89 91 114 135 141 125 128 105 84 80 69 109 135 145 100 105 152 100 85 57 56 50 47 47 47 52 49 38 39 50 47 80 89 79 55 42 52 57 68 80 65 67
197 205 165 156 175 156 131 137 123 131 149 119 98 79 110 105 94 125 104 112 86 103 128 122 134 117 135 124 107 90 121 129 121 93 98 93 118 131 154 120 166 140 127 176 162 169 148 168 170 169 174 180 162 107 108 108 140 150 120 89 82 73 61 69 70 98 157 108 66 92 58 50 48 46 48 44 45 45 43 45 42 45 46 67 65 70 89 72 54 40 57 88 89 105 78 86
166 167 157 163 140 124 111 105 100 124 125 95 86 92 94 120 108 128 124 125 104 101 117 150 144 133 154 125 100 107 120 120 106 88 125 108 119 120 147 158 145 161 135 179 182 162 168 154 181 176 162 152 150 141 118 141 158 121 112 97 63 55 59 58 59 103 90 66 49 51 51 52 52 60 61 46 47 59 51 55 49 56 53 79 79 91 107 57 50 45 45 60 78 87 95 92
164 149 131 130 127 130 122 108 95 104 111 99 91 113 98 122 136 146 138 125 134 122 112 127 164 149 155 127 119 129 132 100 96 120 118 123 135 142 154 163 158 177 166 169 169 154 165 131 144 158 137 117 114 114 139 158 141 104 102 66 56 51 53 52 49 53 52 51 62 61 48 57 73 75 57 49 60 66 65 74 67 57 50 84 107 108 82 49 46 40 45 51 53 61 79 73
197 156 149 148 160 141 130 129 106 105 103 88 94 106 111 129 136 158 145 123 126 141 128 136 159 174 153 135 134 135 142 107 130 120 121 144 124 158 158 167 180 180 179 174 164 143 154 123 111 134 154 124 89 109 147 167 155 106 62 55 52 68 54 50 64 55 68 69 67 55 57 57 62 81 63 48 82 89 72 84 67 50 50 63 90 75 57 46 44 57 48 69 73 72 95 83
206 180 166 159 154 143 140 135 128 102 87 93 95 113 120 151 161 186 166 135 151 143 137 163 152 189 171 141 158 154 139 119 140 143 127 150 152 138 173 189 194 188 170 186 176 145 129 125 105 116 119 114 93 133 158 132 105 76 56 53 65 61 57 67 87 89 76 74 57 52 55 70 79 75 67 48 78 103 89 100 75 59 72 73 97 93 64 48 46 70 58 69 93 75 85 93
194 191 169 141 126 121 106 112 105 93 91 115 103 137 141 148 175 191 172 152 175 168 151 181 168 191 187 173 190 172 129 142 153 157 158 167 164 159 163 186 171 158 147 162 165 170 145 150 133 97 85 82 91 115 120 100 74 56 54 58 60 59 70 80 81 110 91 71 62 51 56 67 80 78 67 55 58 72 76 94 65 69 77 74 83 66 71 57 47 75 75 69 87 106 99 109
175 170 139 141 124 121 113 96 84 94 113 121 132 166 165 161 177 205 179 181 192 182 185 199 190 215 218 207 205 160 120 149 174 189 200 199 185 178 140 170 170 156 111 121 135 175 165 167 145 101 109 98 74 66 69 61 55 58 70 61 70 65 72 111 101 99 84 65 75 50 63 86 87 80 87 65 65 94 98 105 87 99 90 85 85 89 51 65 75 62 87 72 91 108 119 102
188 155 173 142 119 104 101 88 88 117 143 152 129 162 184 198 204 197 203 205 229 214 214 203 218 246 239 206 174 137 142 189 203 217 218 210 186 155 127 151 151 153 117 102 140 139 176 141 144 142 119 112 102 86 63 60 56 60 70 65 71 79 86 115 134 91 80 87 60 52 77 81 96 102 98 65 76 89 113 114 95 122 110 97 63 59 50 86 94 69 85 106 83 105 128 117
151 181 187 123 109 95 91 103 125 120 143 159 169 157 185 211 225 234 230 222 230 223 240 230 240 231 222 189 146 142 173 185 231 217 203 198 189 164 126 121 133 131 108 83 95 112 148 137 116 120 95 107 93 71 69 62 54 66 79 78 100 110 101 126 106 100 98 104 80 64 70 82 110 119 86 78 103 88 114 132 116 136 102 86 94 70 51 71 106 87 96 108 107 99 119 136
164 166 157 118 92 92 105 115 130 165 159 170 178 190 190 202 208 216 241 239 248 235 247 236 209 189 171 168 162 181 179 195 214 203 191 165 171 169 144 102 100 114 89 97 79 112 129 141 116 85 91 76 64 59 60 62 58 81 112 92 148 148 147 136 131 129 132 136 119 80 63 110 118 130 90 92 120 127 125 134 144 121 114 101 78 59 53 60 73 89 112 129 119 107 107 128
155 166 132 116 90 94 116 122 152 166 190 214 205 193 187 184 185 205 224 244 260 256 243 224 221 201 194 214 184 199 198 162 190 200 193 158 136 120 127 118 96 95 91 120 76 99 133 130 113 89 81 71 60 57 58 60 80 124 124 111 126 165 175 161 150 124 111 121 90 61 56 67 99 116 112 123 110 134 151 154 156 139 111 72 57 68 69 56 71 87 106 120 130 130 114 124
135 132 120 103 95 118 124 141 175 194 186 203 224 228 196 205 209 217 243 233 262 254 255 246 241 241 236 227 210 214 178 156 150 152 158 140 157 150 132 134 124 105 114 90 71 74 95 100 107 102 72 63 55 62 67 88 100 127 148 139 149 149 181 166 146 114 77 61 59 77 75 60 80 90 151 146 145 156 170 152 129 112 115 92 59 88 80 61 59 62 78 89 118 131 119 127
112 112 132 108 97 131 113 139 179 207 198 185 210 236 228 212 232 212 215 238 247 230 225 216 208 226 207 183 191 183 162 164 166 154 149 171 177 192 187 166 169 144 122 105 87 73 76 71 78 81 57 61 71 96 103 64 72 97 117 156 178 172 143 131 94 70 56 64 97 95 78 58 57 82 124 112 128 142 146 122 116 106 80 66 74 90 96 64 58 75 75 92 121 131 142 119
98 113 114 94 111 145 124 152 200 195 164 175 207 245 239 213 249 231 229 256 246 236 226 201 195 183 174 180 171 178 170 186 196 163 176 182 182 215 201 187 175 143 128 119 100 71 67 63 63 60 62 68 89 114 99 80 86 95 120 141 153 150 136 113 94 65 68 103 101 118 89 89 59 77 96 116 117 121 141 151 119 102 77 72 86 105 101 65 61 78 95 93 114 134 123 99
97 95 100 103 142 154 139 161 152 154 159 200 215 242 238 233 241 239 239 257 235 226 217 188 192 191 187 199 185 192 177 196 220 173 202 191 198 213 183 163 154 150 139 131 110 85 78 61 66 75 74 79 86 111 149 96 115 95 92 118 140 163 158 135 104 73 67 95 102 130 104 73 64 76 117 126 98 131 159 141 113 79 71 79 96 117 93 63 73 93 92 120 120 111 94 100
102 111 94 130 190 156 134 136 152 144 156 189 199 216 217 241 250 259 248 241 226 203 192 194 200 208 205 208 206 195 192 204 218 181 219 214 229 205 168 146 115 95 114 138 108 86 76 64 65 90 81 79 109 136 133 120 125 104 113 116 126 156 141 124 86 71 100 134 127 143 110 99 63 63 65 73 100 130 153 120 92 91 95 104 123 105 83 63 80 108 92 113 96 98 75 70
108 95 110 151 177 149 166 134 155 162 146 151 167 174 193 213 232 259 234 232 210 207 207 209 208 219 215 221 208 184 173 190 228 205 211 224 213 211 185 173 131 109 82 83 78 71 69 67 87 125 129 84 110 119 148 158 126 140 136 133 116 107 109 104 88 71 73 98 139 131 122 94 59 76 63 88 88 106 140 116 116 96 104 127 120 99 67 87 85 113 103 95 86 75 72 80
100 110 130 150 178 166 141 139 152 165 147 163 171 168 184 194 238 244 229 215 224 211 221 217 220 216 209 202 176 174 150 156 180 194 233 218 204 170 171 139 142 127 94 83 69 71 66 97 134 162 136 85 116 121 133 145 159 154 150 118 97 87 85 96 103 68 77 103 142 108 80 65 76 75 66 97 95 121 126 126 105 94 100 118 107 99 68 68 90 107 97 87 97 92 77 86
120 125 132 155 179 178 151 142 150 169 154 184 210 197 182 206 251 234 227 230 236 225 226 212 200 195 187 191 163 154 127 126 161 176 202 218 200 174 169 167 164 127 76 77 67 70 71 113 146 179 143 96 111 133 145 153 155 142 126 128 113 93 74 68 72 104 115 123 118 109 88 69 93 91 67 91 88 98 114 119 116 100 120 129 108 82 88 69 81 110 107 106 120 95 85 101
156 140 139 161 186 166 162 144 160 178 180 176 213 232 219 236 265 238 245 248 242 232 206 186 188 174 164 174 132 150 123 116 163 159 153 162 161 171 145 141 133 102 71 72 73 82 93 106 130 158 138 122 140 143 158 168 149 134 126 129 100 76 77 90 67 92 115 118 91 87 68 84 93 110 82 80 74 78 85 109 114 117 131 127 109 114 84 76 102 110 110 99 128 116 102 87
141 136 158 169 192 168 159 148 170 201 209 205 191 218 262 262 270 254 253 253 231 218 181 173 174 160 142 155 114 117 113 106 113 116 100 135 134 121 125 89 87 75 87 69 98 116 97 111 136 146 163 142 155 152 168 167 133 123 110 96 93 76 97 89 83 122 119 109 102 68 77 96 102 121 98 84 92 75 100 122 145 134 131 132 125 113 77 97 97 122 138 113 145 132 119 94
151 141 178 192 195 172 160 154 182 218 214 222 215 210 218 247 276 260 262 247 224 211 208 199 191 173 146 147 134 102 92 91 98 96 87 112 103 103 84 81 77 84 99 83 77 77 72 90 125 131 164 176 173 178 168 167 159 153 121 112 84 96 117 98 89 104 117 110 121 86 78 107 139 124 103 99 90 79 88 106 123 144 146 147 116 82 82 83 118 126 137 125 143 144 120 104
160 152 161 177 214 186 157 155 185 204 226 238 223 243 222 247 280 260 251 240 211 214 200 213 187 171 162 166 148 97 96 100 95 95 93 90 88 85 86 78 88 102 133 85 74 91 83 79 110 126 139 163 157 157 161 160 149 137 140 117 81 105 129 131 86 110 122 137 110 92 76 95 131 130 137 126 87 84 96 99 107 120 131 110 95 98 93 95 100 128 154 142 133 151 134 123
167 164 152 195 202 195 180 178 175 201 228 247 234 245 231 256 271 245 225 210 196 204 178 195 158 167 162 150 115 101 107 101 120 136 105 100 105 118 95 107 123 119 119 75 83 118 107 82 94 114 137 157 130 152 128 147 146 146 127 103 86 106 135 111 93 93 134 125 117 78 98 123 126 139 140 107 86 97 93 113 112 131 144 124 116 110 96 123 114 114 146 154 153 164 168 146
196 176 179 175 195 208 170 192 182 193 243 270 254 238 264 260 258 229 198 194 198 152 176 190 131 131 131 118 97 115 123 115 139 168 119 138 129 110 103 123 149 157 121 100 79 104 119 100 99 118 139 158 141 124 123 119 112 124 119 89 114 114 149 124 99 92 125 141 132 121 91 90 119 127 125 97 96 103 94 116 135 146 157 127 136 137 109 132 140 125 137 156 182 168 148 136
194 178 170 212 219 203 185 200 196 215 226 274 282 261 273 267 266 249 212 176 185 143 159 145 109 109 102 98 104 102 128 151 142 163 151 165 129 103 132 168 169 102 97 91 107 114 136 113 96 113 137 157 149 139 114 96 93 94 91 95 101 137 136 126 103 105 124 149 145 100 98 102 121 125 135 124 104 103 100 117 128 151 143 151 159 144 128 139 150 139 160 178 162 149 119 114
205 205 188 203 221 207 202 206 228 211 220 217 256 244 237 248 233 229 226 166 127 126 128 114 128 117 110 113 132 108 126 145 150 173 176 144 117 136 150 160 139 100 128 118 158 135 148 132 103 104 125 146 130 118 108 95 97 109 91 96 122 136 149 137 114 122 126 149 118 114 107 100 114 128 138 117 103 110 106 113 149 148 126 138 119 150 138 156 159 169 171 150 128 140 120 101
208 223 210 192 218 231 213 221 244 220 247 246 260 252 222 217 213 208 191 151 168 121 118 134 144 113 155 130 129 119 123 133 162 183 172 137 143 174 155 134 120 100 132 131 147 161 170 136 126 136 143 128 116 101 103 114 114 97 107 124 112 141 166 138 116 137 123 153 116 107 115 120 107 130 135 114 126 127 122 134 135 118 106 107 99 121 143 137 123 143 116 126 102 111 102 103
218 240 209 211 204 233 242 221 248 243 252 254 240 231 229 225 229 186 179 204 187 143 161 152 172 126 162 151 137 132 142 147 145 175 164 152 171 155 145 127 114 121 159 150 149 147 167 152 160 148 139 110 116 114 109 119 117 108 93 129 135 136 154 159 133 146 138 148 122 106 128 134 111 124 147 136 131 146 143 148 129 114 104 98 101 127 117 132 100 107 103 92 94 114 87 91
225 244 218 212 211 224 240 234 240 271 261 245 244 229 249 240 229 209 234 209 158 155 190 175 158 151 172 148 155 150 146 164 165 172 192 179 162 128 108 112 138 142 170 148 160 173 171 184 160 139 119 127 137 111 124 130 130 103 98 125 140 142 146 163 164 134 149 137 111 116 132 143 123 138 135 157 152 157 167 164 145 146 134 101 93 99 90 109 93 82 76 96 89 97 75 100
215 235 229 217 235 223 249 239 243 264 260 258 243 237 260 267 239 234 235 177 196 199 220 205 188 187 178 181 172 159 159 174 186 198 191 164 142 118 110 118 147 177 188 172 179 188 172 175 162 168 116 127 151 113 136 136 117 114 106 102 119 153 159 157 159 157 166 126 116 128 130 151 130 139 161 162 171 173 175 180 163 124 118 104 70 93 84 88 88 90 73 81 72 96 99 71
211 238 239 236 242 231 245 242 265 265 279 272 250 240 274 255 242 249 199 196 214 205 227 222 189 217 186 197 187 177 164 191 197 178 172 160 149 146 117 126 158 178 182 186 177 201 183 175 163 139 126 158 133 116 138 152 116 124 111 123 122 124 128 165 180 161 130 119 128 145 139 156 144 158 165 172 181 178 147 152 137 110 108 85 84 60 65 76 75 86 83 61 84 95 82 64
223 240 280 251 250 262 263 268 269 284 285 269 255 262 266 260 261 234 219 227 218 225 232 214 224 235 210 217 219 193 189 191 196 182 168 154 155 127 107 116 129 148 173 185 196 189 180 173 140 130 148 168 151 128 149 145 145 136 114 130 135 122 150 164 169 145 142 125 132 160 136 152 165 165 180 166 149 169 130 121 138 119 122 93 95 80 63 54 74 88 88 60 78 68 60 68
252 239 260 265 257 262 270 290 288 296 285 279 264 278 284 274 263 242 250 261 230 234 241 247 249 233 222 218 205 192 195 196 179 166 163 139 132 114 130 126 153 160 172 184 200 192 176 167 142 157 151 174 148 159 161 150 153 115 130 121 146 136 136 162 170 148 168 131 136 183 169 173 201 174 164 156 138 129 129 96 91 88 82 91 74 83 70 52 73 86 74 63 58 49 50 82
248 260 261 275 280 281 287 294 290 287 286 278 278 286 264 251 234 232 240 237 243 254 273 266 258 251 234 208 191 188 162 160 155 149 146 138 122 123 143 134 137 159 171 191 191 175 167 181 177 149 157 166 156 162 180 159 140 128 138 127 161 160 148 151 186 180 174 144 137 188 179 176 197 179 144 130 123 111 94 83 78 73 65 61 68 50 49 48 56 61 78 70 71 54 47 67
262 266 255 255 270 282 292 287 283 271 262 263 258 261 271 266 248 221 212 206 226 236 245 242 244 245 217 221 219 189 186 155 136 125 127 133 120 134 138 164 160 152 163 175 174 188 194 191 159 156 171 178 170 183 182 150 139 145 144 152 150 169 160 178 198 215 180 155 147 185 205 206 171 172 165 156 125 112 123 96 106 84 75 65 63 60 67 58 60 43 46 54 73 62 43 68
252 254 234 250 259 270 286 276 275 268 250 260 236 248 272 254 266 252 231 194 219 216 253 227 219 243 237 223 219 200 173 153 135 122 124 121 137 140 146 168 173 163 161 173 178 205 184 166 181 164 169 187 183 193 168 144 153 156 161 167 168 200 196 176 211 204 179 157 157 180 185 197 168 138 147 147 141 138 128 128 93 82 86 84 76 74 80 72 60 51 55 44 59 63 43 45
230 240 231 255 275 274 278 281 261 258 241 232 226 233 247 239 238 241 222 195 204 225 223 234 199 227 214 199 202 171 153 132 127 128 141 117 136 160 148 157 172 175 167 168 184 207 204 206 197 182 171 200 203 187 164 156 166 176 173 178 196 213 220 209 201 182 163 159 179 196 196 155 140 128 122 126 112 120 104 103 88 96 94 100 83 86 79 67 59 66 67 45 50 68 57 37
220 220 232 260 251 241 250 258 238 254 251 238 231 220 220 213 221 199 198 189 167 184 205 185 176 211 206 189 175 164 150 141 126 128 144 139 126 151 161 158 175 184 174 187 189 188 194 180 195 194 185 201 184 170 163 176 174 159 159 176 182 181 197 202 195 198 194 174 181 175 165 141 149 147 117 109 102 80 83 81 77 83 79 82 74 81 69 65 48 43 40 39 39 53 65 40
